adaboost  split 60/40

                            precision    recall  f1-score   support

                    BENIGN     0.9210    0.9943    0.9562     33383
                       Bot     0.0000    0.0000    0.0000        31
                      DDoS     0.2603    0.0096    0.0184      1989
             DoS GoldenEye     0.0000    0.0000    0.0000       160
                  DoS Hulk     0.6355    0.8887    0.7411      2686
          DoS Slowhttptest     0.0000    0.0000    0.0000        81
             DoS slowloris     0.0000    0.0000    0.0000        84
               FTP-Patator     0.0000    0.0000    0.0000        92
                Heartbleed     0.0000    0.0000    0.0000         4
              Infiltration     0.0000    0.0000    0.0000        14
                  PortScan     0.0932    0.0106    0.0191      1411
               SSH-Patator     0.0000    0.0000    0.0000        50
  Web Attack - Brute Force     0.0000    0.0000    0.0000        23
Web Attack - Sql Injection     0.0000    0.0000    0.0000         8
          Web Attack - XSS     0.0000    0.0000    0.0000        20

                  accuracy                         0.8895     40036
                 macro avg     0.1273    0.1269    0.1157     40036
              weighted avg     0.8268    0.8895    0.8486     40036


Confusion matrix (rows = true, cols = predicted)
[[33192     0    46     0     3     0     0     0     0     0   142     0
      0     0     0]
 [   31     0     0     0     0     0     0     0     0     0     0     0
      0     0     0]
 [  745     0    19     0  1225     0     0     0     0     0     0     0
      0     0     0]
 [   20     0     0     0   140     0     0     0     0     0     0     0
      0     0     0]
 [  295     0     4     0  2387     0     0     0     0     0     0     0
      0     0     0]
 [   81     0     0     0     0     0     0     0     0     0     0     0
      0     0     0]
 [   84     0     0     0     0     0     0     0     0     0     0     0
      0     0     0]
 [   92     0     0     0     0     0     0     0     0     0     0     0
      0     0     0]
 [    0     0     0     4     0     0     0     0     0     0     0     0
      0     0     0]
 [   14     0     0     0     0     0     0     0     0     0     0     0
      0     0     0]
 [ 1389     0     4     0     1     0     0     2     0     0    15     0
      0     0     0]
 [   46     0     0     0     0     0     0     0     0     0     4     0
      0     0     0]
 [   23     0     0     0     0     0     0     0     0     0     0     0
      0     0     0]
 [    8     0     0     0     0     0     0     0     0     0     0     0
      0     0     0]
 [   20     0     0     0     0     0     0     0     0     0     0     0
      0     0     0]]