adaboost  split 80/20

                            precision    recall  f1-score   support

                    BENIGN     0.9526    0.9878    0.9698    429639
                       Bot     0.0000    0.0000    0.0000       391
                      DDoS     0.0202    0.0024    0.0043     25603
             DoS GoldenEye     0.0000    0.0000    0.0000      2056
                  DoS Hulk     0.6226    0.8944    0.7342     34570
          DoS Slowhttptest     0.8750    0.0067    0.0133      1046
             DoS slowloris     0.0000    0.0000    0.0000      1075
               FTP-Patator     0.2162    0.0067    0.0131      1187
                Heartbleed     0.0000    0.0000    0.0000         2
              Infiltration     0.0000    0.0000    0.0000         7
                  PortScan     0.7714    0.7017    0.7349     18164
               SSH-Patator     0.0000    0.0000    0.0000       644
  Web Attack - Brute Force     0.0000    0.0000    0.0000       294
Web Attack - Sql Injection     0.0000    0.0000    0.0000         4
          Web Attack - XSS     0.0000    0.0000    0.0000       130

                  accuracy                         0.9093    514812
                 macro avg     0.2305    0.1733    0.1646    514812
              weighted avg     0.8673    0.9093    0.8849    514812


Confusion matrix (rows = true, cols = predicted)
[[424381      0   1363      0    207      1      0      7      0      0
    3680      0      0      0      0]
 [   391      0      0      0      0      0      0      0      0      0
       0      0      0      0      0]
 [  9433      0     62      0  16108      0      0      0      0      0
       0      0      0      0      0]
 [   277      0      0      0   1779      0      0      0      0      0
       0      0      0      0      0]
 [  2035      0   1596      0  30921      0      0      0      0      0
      18      0      0      0      0]
 [   449      0      0      0    581      7      0      0      0      0
       9      0      0      0      0]
 [  1011      0      0      0     46      0      0      0      0      0
      18      0      0      0      0]
 [  1169      0      0      0      1      0      0      8      0      0
       9      0      0      0      0]
 [     0      0      0      2      0      0      0      0      0      0
       0      0      0      0      0]
 [     7      0      0      0      0      0      0      0      0      0
       0      0      0      0      0]
 [  5334      0     48      0     14      0      0     22      0      0
   12746      0      0      0      0]
 [   605      0      0      0      4      0      0      0      0      0
      35      0      0      0      0]
 [   285      0      0      0      1      0      0      0      0      0
       8      0      0      0      0]
 [     3      0      0      0      1      0      0      0      0      0
       0      0      0      0      0]
 [   130      0      0      0      0      0      0      0      0      0
       0      0      0      0      0]]