catboost  split 40/60

                            precision    recall  f1-score   support

                    BENIGN     0.9992    0.9992    0.9992    200293
                       Bot     0.9203    0.6978    0.7937       182
                      DDoS     0.9995    0.9992    0.9993     11936
             DoS GoldenEye     0.9821    0.9729    0.9775       959
                  DoS Hulk     0.9972    0.9968    0.9970     16116
          DoS Slowhttptest     0.9837    0.9918    0.9877       487
             DoS slowloris     0.9900    0.9840    0.9870       501
               FTP-Patator     1.0000    0.9946    0.9973       553
                Heartbleed     1.0000    1.0000    1.0000         7
              Infiltration     1.0000    0.7273    0.8421        22
                  PortScan     0.9883    0.9979    0.9931      8468
               SSH-Patator     1.0000    0.9900    0.9950       300
  Web Attack - Brute Force     0.6936    0.8759    0.7742       137
Web Attack - Sql Injection     1.0000    0.1667    0.2857        12
          Web Attack - XSS     0.5417    0.2167    0.3095        60

                  accuracy                         0.9983    240033
                 macro avg     0.9397    0.8407    0.8626    240033
              weighted avg     0.9982    0.9983    0.9982    240033


Confusion matrix (rows = true, cols = predicted)
[[200138     11      3     14     16      6      3      0      0      0
     100      0      2      0      0]
 [    55    127      0      0      0      0      0      0      0      0
       0      0      0      0      0]
 [     8      0  11926      0      2      0      0      0      0      0
       0      0      0      0      0]
 [     5      0      0    933     21      0      0      0      0      0
       0      0      0      0      0]
 [    51      0      0      0  16065      0      0      0      0      0
       0      0      0      0      0]
 [     2      0      0      0      0    483      1      0      0      0
       0      0      1      0      0]
 [     4      0      0      0      1      2    493      0      0      0
       0      0      1      0      0]
 [     3      0      0      0      0      0      0    550      0      0
       0      0      0      0      0]
 [     0      0      0      0      0      0      0      0      7      0
       0      0      0      0      0]
 [     6      0      0      0      0      0      0      0      0     16
       0      0      0      0      0]
 [     9      0      3      0      4      0      0      0      0      0
    8450      0      2      0      0]
 [     3      0      0      0      0      0      0      0      0      0
       0    297      0      0      0]
 [     5      0      0      1      0      0      0      0      0      0
       0      0    120      0     11]
 [     4      0      0      2      1      0      1      0      0      0
       0      0      2      2      0]
 [     2      0      0      0      0      0      0      0      0      0
       0      0     45      0     13]]