catboost  split 80/20

                            precision    recall  f1-score   support

                    BENIGN     0.9996    0.9993    0.9995    429639
                       Bot     0.9331    0.7136    0.8087       391
                      DDoS     0.9999    0.9996    0.9998     25603
             DoS GoldenEye     0.9951    0.9917    0.9934      2056
                  DoS Hulk     0.9973    0.9995    0.9984     34570
          DoS Slowhttptest     0.9923    0.9857    0.9890      1046
             DoS slowloris     0.9935    0.9916    0.9926      1075
               FTP-Patator     0.9992    1.0000    0.9996      1187
                Heartbleed     1.0000    0.5000    0.6667         2
              Infiltration     1.0000    0.5714    0.7273         7
                  PortScan     0.9901    0.9992    0.9946     18164
               SSH-Patator     1.0000    1.0000    1.0000       644
  Web Attack - Brute Force     0.7005    0.9864    0.8192       294
Web Attack - Sql Injection     0.5000    0.2500    0.3333         4
          Web Attack - XSS     0.7143    0.0385    0.0730       130

                  accuracy                         0.9988    514812
                 macro avg     0.9210    0.8018    0.8263    514812
              weighted avg     0.9988    0.9988    0.9987    514812


Confusion matrix (rows = true, cols = predicted)
[[429355     20      2      4     66      4      2      1      0      0
     182      0      3      0      0]
 [   112    279      0      0      0      0      0      0      0      0
       0      0      0      0      0]
 [     9      0  25593      0      1      0      0      0      0      0
       0      0      0      0      0]
 [     2      0      0   2039     13      2      0      0      0      0
       0      0      0      0      0]
 [    16      0      0      2  34552      0      0      0      0      0
       0      0      0      0      0]
 [     8      0      0      2      0   1031      5      0      0      0
       0      0      0      0      0]
 [     3      0      0      1      0      2   1066      0      0      0
       0      0      2      1      0]
 [     0      0      0      0      0      0      0   1187      0      0
       0      0      0      0      0]
 [     1      0      0      0      0      0      0      0      1      0
       0      0      0      0      0]
 [     3      0      0      0      0      0      0      0      0      4
       0      0      0      0      0]
 [     3      0      0      0     11      0      0      0      0      0
   18149      0      1      0      0]
 [     0      0      0      0      0      0      0      0      0      0
       0    644      0      0      0]
 [     1      0      0      0      1      0      0      0      0      0
       0      0    290      0      2]
 [     2      0      0      1      0      0      0      0      0      0
       0      0      0      1      0]
 [     7      0      0      0      0      0      0      0      0      0
       0      0    118      0      5]]