catboost  split 60/40

                            precision    recall  f1-score   support

                    BENIGN     0.9985    0.9988    0.9986     33383
                       Bot     0.5455    0.3871    0.4528        31
                      DDoS     0.9990    0.9995    0.9992      1989
             DoS GoldenEye     0.9745    0.9563    0.9653       160
                  DoS Hulk     0.9981    0.9959    0.9970      2686
          DoS Slowhttptest     0.9639    0.9877    0.9756        81
             DoS slowloris     0.9878    0.9643    0.9759        84
               FTP-Patator     0.9892    1.0000    0.9946        92
                Heartbleed     1.0000    1.0000    1.0000         4
              Infiltration     1.0000    0.8571    0.9231        14
                  PortScan     0.9859    0.9922    0.9890      1411
               SSH-Patator     1.0000    0.9800    0.9899        50
  Web Attack - Brute Force     0.5833    0.3043    0.4000        23
Web Attack - Sql Injection     0.7778    0.8750    0.8235         8
          Web Attack - XSS     0.5172    0.7500    0.6122        20

                  accuracy                         0.9971     40036
                 macro avg     0.8881    0.8699    0.8731     40036
              weighted avg     0.9970    0.9971    0.9970     40036


Confusion matrix (rows = true, cols = predicted)
[[33343    10     0     4     3     1     1     1     0     0    20     0
      0     0     0]
 [   19    12     0     0     0     0     0     0     0     0     0     0
      0     0     0]
 [    1     0  1988     0     0     0     0     0     0     0     0     0
      0     0     0]
 [    6     0     0   153     0     0     0     0     0     0     0     0
      0     1     0]
 [   11     0     0     0  2675     0     0     0     0     0     0     0
      0     0     0]
 [    1     0     0     0     0    80     0     0     0     0     0     0
      0     0     0]
 [    0     0     0     0     0     2    81     0     0     0     0     0
      0     0     1]
 [    0     0     0     0     0     0     0    92     0     0     0     0
      0     0     0]
 [    0     0     0     0     0     0     0     0     4     0     0     0
      0     0     0]
 [    2     0     0     0     0     0     0     0     0    12     0     0
      0     0     0]
 [    8     0     2     0     1     0     0     0     0     0  1400     0
      0     0     0]
 [    1     0     0     0     0     0     0     0     0     0     0    49
      0     0     0]
 [    2     0     0     0     0     0     0     0     0     0     0     0
      7     1    13]
 [    0     0     0     0     1     0     0     0     0     0     0     0
      0     7     0]
 [    0     0     0     0     0     0     0     0     0     0     0     0
      5     0    15]]