catboost  split 60/40

                            precision    recall  f1-score   support

                    BENIGN     0.9994    0.9993    0.9993    133529
                       Bot     0.9029    0.7686    0.8304       121
                      DDoS     0.9999    0.9996    0.9997      7957
             DoS GoldenEye     0.9801    1.0000    0.9899       639
                  DoS Hulk     0.9983    0.9973    0.9978     10744
          DoS Slowhttptest     0.9758    0.9938    0.9848       325
             DoS slowloris     1.0000    0.9850    0.9925       334
               FTP-Patator     0.9973    0.9919    0.9946       369
                Heartbleed     1.0000    1.0000    1.0000         5
              Infiltration     1.0000    0.6429    0.7826        14
                  PortScan     0.9900    0.9984    0.9942      5645
               SSH-Patator     1.0000    0.9900    0.9950       200
  Web Attack - Brute Force     0.7087    0.8022    0.7526        91
Web Attack - Sql Injection     0.7500    0.3333    0.4615         9
          Web Attack - XSS     0.4483    0.3250    0.3768        40

                  accuracy                         0.9985    160022
                 macro avg     0.9167    0.8552    0.8768    160022
              weighted avg     0.9985    0.9985    0.9985    160022


Confusion matrix (rows = true, cols = predicted)
[[133432     10      1      6     16      6      0      0      0      0
      57      0      1      0      0]
 [    28     93      0      0      0      0      0      0      0      0
       0      0      0      0      0]
 [     3      0   7954      0      0      0      0      0      0      0
       0      0      0      0      0]
 [     0      0      0    639      0      0      0      0      0      0
       0      0      0      0      0]
 [    23      0      0      6  10715      0      0      0      0      0
       0      0      0      0      0]
 [     1      0      0      0      0    323      0      0      0      0
       0      0      1      0      0]
 [     2      0      0      0      0      2    329      0      0      0
       0      0      1      0      0]
 [     3      0      0      0      0      0      0    366      0      0
       0      0      0      0      0]
 [     0      0      0      0      0      0      0      0      5      0
       0      0      0      0      0]
 [     5      0      0      0      0      0      0      0      0      9
       0      0      0      0      0]
 [     6      0      0      0      2      0      0      0      0      0
    5636      0      1      0      0]
 [     1      0      0      0      0      0      0      1      0      0
       0    198      0      0      0]
 [     2      0      0      0      0      0      0      0      0      0
       0      0     73      0     16]
 [     4      0      0      1      0      0      0      0      0      0
       0      0      1      3      0]
 [     1      0      0      0      0      0      0      0      0      0
       0      0     25      1     13]]