catboost  split 80/20

                            precision    recall  f1-score   support

                    BENIGN     0.9993    0.9993    0.9993     66764
                       Bot     0.8776    0.7049    0.7818        61
                      DDoS     0.9997    0.9995    0.9996      3979
             DoS GoldenEye     0.9907    0.9969    0.9938       320
                  DoS Hulk     0.9974    0.9980    0.9977      5372
          DoS Slowhttptest     0.9817    0.9938    0.9877       162
             DoS slowloris     1.0000    0.9760    0.9879       167
               FTP-Patator     1.0000    1.0000    1.0000       184
                Heartbleed     1.0000    1.0000    1.0000         2
              Infiltration     1.0000    0.8571    0.9231         7
                  PortScan     0.9905    0.9979    0.9942      2823
               SSH-Patator     0.9900    0.9900    0.9900       100
  Web Attack - Brute Force     0.7400    0.8043    0.7708        46
Web Attack - Sql Injection     1.0000    0.5000    0.6667         4
          Web Attack - XSS     0.4615    0.3000    0.3636        20

                  accuracy                         0.9985     80011
                 macro avg     0.9352    0.8745    0.8971     80011
              weighted avg     0.9985    0.9985    0.9985     80011


Confusion matrix (rows = true, cols = predicted)
[[66715     6     0     2    11     2     0     0     0     0    27     1
      0     0     0]
 [   18    43     0     0     0     0     0     0     0     0     0     0
      0     0     0]
 [    2     0  3977     0     0     0     0     0     0     0     0     0
      0     0     0]
 [    0     0     0   319     1     0     0     0     0     0     0     0
      0     0     0]
 [   11     0     0     0  5361     0     0     0     0     0     0     0
      0     0     0]
 [    1     0     0     0     0   161     0     0     0     0     0     0
      0     0     0]
 [    2     0     0     0     0     1   163     0     0     0     0     0
      1     0     0]
 [    0     0     0     0     0     0     0   184     0     0     0     0
      0     0     0]
 [    0     0     0     0     0     0     0     0     2     0     0     0
      0     0     0]
 [    1     0     0     0     0     0     0     0     0     6     0     0
      0     0     0]
 [    4     0     1     0     1     0     0     0     0     0  2817     0
      0     0     0]
 [    1     0     0     0     0     0     0     0     0     0     0    99
      0     0     0]
 [    1     0     0     0     1     0     0     0     0     0     0     0
     37     0     7]
 [    1     0     0     1     0     0     0     0     0     0     0     0
      0     2     0]
 [    2     0     0     0     0     0     0     0     0     0     0     0
     12     0     6]]