decision_tree  split 60/40

                            precision    recall  f1-score   support

                    BENIGN     0.9990    0.9992    0.9991    859279
                       Bot     0.8185    0.8259    0.8222       781
                      DDoS     0.9998    0.9998    0.9998     51206
             DoS GoldenEye     0.9951    0.9937    0.9944      4113
                  DoS Hulk     0.9986    0.9979    0.9982     69140
          DoS Slowhttptest     0.9856    0.9833    0.9844      2091
             DoS slowloris     0.9875    0.9912    0.9893      2150
               FTP-Patator     0.9983    0.9992    0.9987      2373
                Heartbleed     1.0000    0.5000    0.6667         4
              Infiltration     0.8750    0.5000    0.6364        14
                  PortScan     0.9890    0.9855    0.9873     36328
               SSH-Patator     0.9984    1.0000    0.9992      1288
  Web Attack - Brute Force     0.7616    0.7551    0.7583       588
Web Attack - Sql Injection     0.7143    0.6250    0.6667         8
          Web Attack - XSS     0.4481    0.4636    0.4557       261

                  accuracy                         0.9982   1029624
                 macro avg     0.9046    0.8413    0.8638   1029624
              weighted avg     0.9982    0.9982    0.9982   1029624


Confusion matrix (rows = true, cols = predicted)
[[858617    143     12      9     76     16     10      2      0      1
     385      2      3      1      2]
 [   136    645      0      0      0      0      0      0      0      0
       0      0      0      0      0]
 [    11      0  51195      0      0      0      0      0      0      0
       0      0      0      0      0]
 [     8      0      0   4087     14      4      0      0      0      0
       0      0      0      0      0]
 [   120      0      0      8  68998      0      1      0      0      0
      12      0      1      0      0]
 [    16      0      0      1      0   2056     15      0      0      0
       0      0      0      0      3]
 [     8      0      0      1      0      6   2131      0      0      0
       0      0      2      1      1]
 [     2      0      0      0      0      0      0   2371      0      0
       0      0      0      0      0]
 [     1      0      0      0      1      0      0      0      2      0
       0      0      0      0      0]
 [     7      0      0      0      0      0      0      0      0      7
       0      0      0      0      0]
 [   509      0      0      0      9      2      0      0      0      0
   35803      0      0      0      5]
 [     0      0      0      0      0      0      0      0      0      0
       0   1288      0      0      0]
 [     5      0      0      0      0      0      0      1      0      0
       0      0    444      0    138]
 [     1      0      0      1      0      1      0      0      0      0
       0      0      0      5      0]
 [     4      0      0      0      0      1      1      1      0      0
       0      0    133      0    121]]