decision_tree  split 80/20

                            precision    recall  f1-score   support

                    BENIGN     0.9989    0.9991    0.9990     66764
                       Bot     0.7895    0.7377    0.7627        61
                      DDoS     0.9992    0.9995    0.9994      3979
             DoS GoldenEye     0.9907    1.0000    0.9953       320
                  DoS Hulk     0.9980    0.9972    0.9976      5372
          DoS Slowhttptest     0.9938    0.9877    0.9907       162
             DoS slowloris     0.9940    0.9880    0.9910       167
               FTP-Patator     1.0000    1.0000    1.0000       184
                Heartbleed     1.0000    1.0000    1.0000         2
              Infiltration     1.0000    0.8571    0.9231         7
                  PortScan     0.9894    0.9872    0.9883      2823
               SSH-Patator     0.9802    0.9900    0.9851       100
  Web Attack - Brute Force     0.7045    0.6739    0.6889        46
Web Attack - Sql Injection     1.0000    0.5000    0.6667         4
          Web Attack - XSS     0.3810    0.4000    0.3902        20

                  accuracy                         0.9980     80011
                 macro avg     0.9213    0.8745    0.8919     80011
              weighted avg     0.9980    0.9980    0.9980     80011


Confusion matrix (rows = true, cols = predicted)
[[66706    11     3     2    10     1     1     0     0     0    26     2
      2     0     0]
 [   16    45     0     0     0     0     0     0     0     0     0     0
      0     0     0]
 [    2     0  3977     0     0     0     0     0     0     0     0     0
      0     0     0]
 [    0     0     0   320     0     0     0     0     0     0     0     0
      0     0     0]
 [   12     0     0     1  5357     0     0     0     0     0     2     0
      0     0     0]
 [    2     0     0     0     0   160     0     0     0     0     0     0
      0     0     0]
 [    1     0     0     0     0     0   165     0     0     0     1     0
      0     0     0]
 [    0     0     0     0     0     0     0   184     0     0     0     0
      0     0     0]
 [    0     0     0     0     0     0     0     0     2     0     0     0
      0     0     0]
 [    1     0     0     0     0     0     0     0     0     6     0     0
      0     0     0]
 [   35     1     0     0     0     0     0     0     0     0  2787     0
      0     0     0]
 [    1     0     0     0     0     0     0     0     0     0     0    99
      0     0     0]
 [    1     0     0     0     0     0     0     0     0     0     1     0
     31     0    13]
 [    2     0     0     0     0     0     0     0     0     0     0     0
      0     2     0]
 [    0     0     0     0     1     0     0     0     0     0     0     0
     11     0     8]]