decision_tree  split 60/40

                            precision    recall  f1-score   support

                    BENIGN     0.9982    0.9979    0.9981     33383
                       Bot     0.6129    0.6129    0.6129        31
                      DDoS     0.9990    0.9995    0.9992      1989
             DoS GoldenEye     0.9568    0.9688    0.9627       160
                  DoS Hulk     0.9944    0.9963    0.9954      2686
          DoS Slowhttptest     0.8764    0.9630    0.9176        81
             DoS slowloris     0.9390    0.9167    0.9277        84
               FTP-Patator     0.9891    0.9891    0.9891        92
                Heartbleed     0.5714    1.0000    0.7273         4
              Infiltration     0.7647    0.9286    0.8387        14
                  PortScan     0.9836    0.9773    0.9804      1411
               SSH-Patator     1.0000    0.9400    0.9691        50
  Web Attack - Brute Force     0.4091    0.3913    0.4000        23
Web Attack - Sql Injection     0.6667    0.7500    0.7059         8
          Web Attack - XSS     0.5000    0.5500    0.5238        20

                  accuracy                         0.9958     40036
                 macro avg     0.8174    0.8654    0.8365     40036
              weighted avg     0.9959    0.9958    0.9958     40036


Confusion matrix (rows = true, cols = predicted)
[[33314    12     0     5    11     5     2     1     2     4    23     0
      3     1     0]
 [   12    19     0     0     0     0     0     0     0     0     0     0
      0     0     0]
 [    1     0  1988     0     0     0     0     0     0     0     0     0
      0     0     0]
 [    3     0     0   155     0     0     1     0     0     0     0     0
      0     1     0]
 [    6     0     2     2  2676     0     0     0     0     0     0     0
      0     0     0]
 [    2     0     0     0     0    78     1     0     0     0     0     0
      0     0     0]
 [    0     0     0     0     0     6    77     0     0     0     0     0
      1     0     0]
 [    1     0     0     0     0     0     0    91     0     0     0     0
      0     0     0]
 [    0     0     0     0     0     0     0     0     4     0     0     0
      0     0     0]
 [    1     0     0     0     0     0     0     0     0    13     0     0
      0     0     0]
 [   30     0     0     0     1     0     0     0     1     0  1379     0
      0     0     0]
 [    1     0     0     0     2     0     0     0     0     0     0    47
      0     0     0]
 [    1     0     0     0     0     0     1     0     0     0     0     0
      9     1    11]
 [    1     0     0     0     1     0     0     0     0     0     0     0
      0     6     0]
 [    0     0     0     0     0     0     0     0     0     0     0     0
      9     0    11]]