decision_tree  split 60/40

                            precision    recall  f1-score   support

                    BENIGN     0.9989    0.9991    0.9990    133529
                       Bot     0.7934    0.7934    0.7934       121
                      DDoS     0.9995    0.9995    0.9995      7957
             DoS GoldenEye     0.9844    0.9875    0.9859       639
                  DoS Hulk     0.9980    0.9967    0.9974     10744
          DoS Slowhttptest     0.9697    0.9846    0.9771       325
             DoS slowloris     0.9940    0.9850    0.9895       334
               FTP-Patator     0.9919    0.9973    0.9946       369
                Heartbleed     1.0000    1.0000    1.0000         5
              Infiltration     1.0000    0.6429    0.7826        14
                  PortScan     0.9894    0.9874    0.9884      5645
               SSH-Patator     0.9949    0.9850    0.9899       200
  Web Attack - Brute Force     0.7529    0.7033    0.7273        91
Web Attack - Sql Injection     0.6250    0.5556    0.5882         9
          Web Attack - XSS     0.4565    0.5250    0.4884        40

                  accuracy                         0.9979    160022
                 macro avg     0.9032    0.8762    0.8867    160022
              weighted avg     0.9979    0.9979    0.9979    160022


Confusion matrix (rows = true, cols = predicted)
[[133409     23      4      4     19      8      0      3      0      0
      56      1      2      0      0]
 [    25     96      0      0      0      0      0      0      0      0
       0      0      0      0      0]
 [     3      0   7953      0      1      0      0      0      0      0
       0      0      0      0      0]
 [     8      0      0    631      0      0      0      0      0      0
       0      0      0      0      0]
 [    27      0      0      4  10709      0      0      0      0      0
       3      0      0      0      1]
 [     3      0      0      0      0    320      1      0      0      0
       0      0      1      0      0]
 [     2      0      0      0      0      2    329      0      0      0
       0      0      0      0      1]
 [     1      0      0      0      0      0      0    368      0      0
       0      0      0      0      0]
 [     0      0      0      0      0      0      0      0      5      0
       0      0      0      0      0]
 [     4      1      0      0      0      0      0      0      0      9
       0      0      0      0      0]
 [    67      1      0      0      1      0      0      0      0      0
    5574      0      1      1      0]
 [     3      0      0      0      0      0      0      0      0      0
       0    197      0      0      0]
 [     2      0      0      0      0      0      0      0      0      0
       1      0     64      1     23]
 [     1      0      0      2      0      0      1      0      0      0
       0      0      0      5      0]
 [     1      0      0      0      0      0      0      0      0      0
       0      0     17      1     21]]