decision_tree  split 80/20

                            precision    recall  f1-score   support

                    BENIGN     0.9990    0.9993    0.9991    429639
                       Bot     0.8440    0.8440    0.8440       391
                      DDoS     0.9997    0.9996    0.9996     25603
             DoS GoldenEye     0.9951    0.9951    0.9951      2056
                  DoS Hulk     0.9982    0.9979    0.9980     34570
          DoS Slowhttptest     0.9885    0.9857    0.9871      1046
             DoS slowloris     0.9898    0.9916    0.9907      1075
               FTP-Patator     0.9992    0.9983    0.9987      1187
                Heartbleed     1.0000    0.5000    0.6667         2
              Infiltration     1.0000    0.5714    0.7273         7
                  PortScan     0.9897    0.9846    0.9872     18164
               SSH-Patator     1.0000    0.9984    0.9992       644
  Web Attack - Brute Force     0.7475    0.7551    0.7513       294
Web Attack - Sql Injection     1.0000    0.7500    0.8571         4
          Web Attack - XSS     0.4318    0.4385    0.4351       130

                  accuracy                         0.9982    514812
                 macro avg     0.9322    0.8540    0.8824    514812
              weighted avg     0.9982    0.9982    0.9982    514812


Confusion matrix (rows = true, cols = predicted)
[[429324     61      7      2     49      7      4      1      0      0
     180      0      2      0      2]
 [    61    330      0      0      0      0      0      0      0      0
       0      0      0      0      0]
 [     8      0  25593      0      2      0      0      0      0      0
       0      0      0      0      0]
 [     2      0      0   2046      6      2      0      0      0      0
       0      0      0      0      0]
 [    62      0      0      6  34497      0      0      0      0      0
       5      0      0      0      0]
 [     6      0      1      0      0   1031      6      0      0      0
       0      0      0      0      2]
 [     3      0      0      1      0      3   1066      0      0      0
       1      0      1      0      0]
 [     2      0      0      0      0      0      0   1185      0      0
       0      0      0      0      0]
 [     1      0      0      0      0      0      0      0      1      0
       0      0      0      0      0]
 [     3      0      0      0      0      0      0      0      0      4
       0      0      0      0      0]
 [   273      0      0      0      5      0      0      0      0      0
   17885      0      1      0      0]
 [     1      0      0      0      0      0      0      0      0      0
       0    643      0      0      0]
 [     1      0      0      0      0      0      0      0      0      0
       0      0    222      0     71]
 [     0      0      0      1      0      0      0      0      0      0
       0      0      0      3      0]
 [     1      0      0      0      0      0      1      0      0      0
       0      0     71      0     57]]