decision_tree  split 40/60

                            precision    recall  f1-score   support

                    BENIGN     0.9988    0.9989    0.9989    200293
                       Bot     0.7784    0.7912    0.7847       182
                      DDoS     0.9994    0.9987    0.9991     11936
             DoS GoldenEye     0.9813    0.9875    0.9844       959
                  DoS Hulk     0.9980    0.9966    0.9973     16116
          DoS Slowhttptest     0.9575    0.9713    0.9643       487
             DoS slowloris     0.9739    0.9701    0.9720       501
               FTP-Patator     1.0000    0.9928    0.9964       553
                Heartbleed     1.0000    0.8571    0.9231         7
              Infiltration     0.9375    0.6818    0.7895        22
                  PortScan     0.9873    0.9876    0.9874      8468
               SSH-Patator     0.9966    0.9800    0.9882       300
  Web Attack - Brute Force     0.6620    0.6861    0.6738       137
Web Attack - Sql Injection     0.2857    0.1667    0.2105        12
          Web Attack - XSS     0.3667    0.3667    0.3667        60

                  accuracy                         0.9976    240033
                 macro avg     0.8615    0.8289    0.8424    240033
              weighted avg     0.9976    0.9976    0.9976    240033


Confusion matrix (rows = true, cols = predicted)
[[200080     38      6     14     24     10      5      0      0      1
     102      1      7      3      2]
 [    38    144      0      0      0      0      0      0      0      0
       0      0      0      0      0]
 [    12      0  11921      0      3      0      0      0      0      0
       0      0      0      0      0]
 [    10      0      0    947      2      0      0      0      0      0
       0      0      0      0      0]
 [    42      0      1      3  16061      0      0      0      0      0
       6      0      0      0      3]
 [     8      0      0      0      0    473      5      0      0      0
       0      0      1      0      0]
 [     3      0      0      0      0     11    486      0      0      0
       0      0      0      0      1]
 [     4      0      0      0      0      0      0    549      0      0
       0      0      0      0      0]
 [     1      0      0      0      0      0      0      0      6      0
       0      0      0      0      0]
 [     4      3      0      0      0      0      0      0      0     15
       0      0      0      0      0]
 [   102      0      0      0      1      0      0      0      0      0
    8363      0      1      1      0]
 [     5      0      0      0      1      0      0      0      0      0
       0    294      0      0      0]
 [     9      0      0      0      0      0      2      0      0      0
       0      0     94      0     32]
 [     4      0      0      1      1      0      1      0      0      0
       0      0      3      2      0]
 [     1      0      0      0      0      0      0      0      0      0
       0      0     36      1     22]]