hist_gb  split 80/20

                            precision    recall  f1-score   support

                    BENIGN     0.9987    0.9881    0.9934    429639
                       Bot     0.8763    0.6343    0.7359       391
                      DDoS     0.9998    0.9981    0.9989     25603
             DoS GoldenEye     0.9801    0.9815    0.9808      2056
                  DoS Hulk     0.9986    0.9950    0.9968     34570
          DoS Slowhttptest     0.9498    0.9398    0.9447      1046
             DoS slowloris     0.8692    0.8716    0.8704      1075
               FTP-Patator     0.9761    0.9958    0.9858      1187
                Heartbleed     0.0000    0.0000    0.0000         2
              Infiltration     0.0000    0.0000    0.0000         7
                  PortScan     0.9898    0.9973    0.9936     18164
               SSH-Patator     0.8116    0.9969    0.8948       644
  Web Attack - Brute Force     0.5679    0.5544    0.5611       294
Web Attack - Sql Injection     0.0000    0.0000    0.0000         4
          Web Attack - XSS     0.1985    0.4154    0.2687       130

                  accuracy                         0.9884    514812
                 macro avg     0.6811    0.6912    0.6817    514812
              weighted avg     0.9971    0.9884    0.9927    514812


Confusion matrix (rows = true, cols = predicted)
[[424523     35      5     26     30     40    101     27   1371   2410
     185    147     50    597     92]
 [   141    248      0      0      2      0      0      0      0      0
       0      0      0      0      0]
 [    34      0  25555      3      0      0      0      0      0      0
       0      0      9      0      2]
 [    21      0      0   2018      4      5      0      0      0      7
       0      0      0      1      0]
 [   144      0      1      6  34396      0      1      0      0      9
       0      0      2      4      7]
 [    19      0      0      4      0    983     39      0      0      0
       0      0      0      1      0]
 [   123      0      0      0      0      5    937      0      0      0
       0      0      1      0      9]
 [     5      0      0      0      0      0      0   1182      0      0
       0      0      0      0      0]
 [     2      0      0      0      0      0      0      0      0      0
       0      0      0      0      0]
 [     6      0      0      0      0      1      0      0      0      0
       0      0      0      0      0]
 [    28      0      0      0     11      1      0      2      0      0
   18115      2      5      0      0]
 [     2      0      0      0      0      0      0      0      0      0
       0    642      0      0      0]
 [    21      0      0      1      0      0      0      0      0      0
       1      0    163      0    108]
 [     3      0      0      1      0      0      0      0      0      0
       0      0      0      0      0]
 [    18      0      0      0      1      0      0      0      0      0
       0      0     57      0     54]]