hist_gb  split 80/20

                            precision    recall  f1-score   support

                    BENIGN     0.9985    0.9930    0.9957     66764
                       Bot     0.5143    0.5902    0.5496        61
                      DDoS     0.9995    0.9980    0.9987      3979
             DoS GoldenEye     0.8889    0.9750    0.9300       320
                  DoS Hulk     0.9900    0.9903    0.9901      5372
          DoS Slowhttptest     0.7630    0.8148    0.7881       162
             DoS slowloris     0.8229    0.8623    0.8421       167
               FTP-Patator     0.9839    0.9946    0.9892       184
                Heartbleed     0.0000    0.0000    0.0000         2
              Infiltration     0.0131    0.2857    0.0250         7
                  PortScan     0.9887    0.9943    0.9915      2823
               SSH-Patator     0.8586    0.8500    0.8543       100
  Web Attack - Brute Force     0.3148    0.3696    0.3400        46
Web Attack - Sql Injection     0.0222    0.2500    0.0408         4
          Web Attack - XSS     0.0826    0.5000    0.1418        20

                  accuracy                         0.9913     80011
                 macro avg     0.6161    0.6978    0.6318     80011
              weighted avg     0.9950    0.9913    0.9931     80011


Confusion matrix (rows = true, cols = predicted)
[[66296    34     1    35    37    32    24     3     0   124    31    13
     28    23    83]
 [   10    36     0     0    15     0     0     0     0     0     0     0
      0     0     0]
 [    6     0  3971     0     0     1     0     0     0     0     0     0
      0     0     1]
 [    6     0     0   312     1     0     0     0     0     0     0     0
      1     0     0]
 [   17     0     0     2  5320     5     3     0     0     4     0     0
      0    19     2]
 [   18     0     0     1     0   132     3     0     0     7     0     0
      0     0     1]
 [    6     0     0     0     0     1   144     0     0    15     0     0
      0     0     1]
 [    1     0     0     0     0     0     0   183     0     0     0     0
      0     0     0]
 [    2     0     0     0     0     0     0     0     0     0     0     0
      0     0     0]
 [    4     0     0     0     0     0     0     0     0     2     0     0
      0     0     1]
 [    7     0     1     0     1     2     1     0     0     0  2807     1
      1     2     0]
 [   15     0     0     0     0     0     0     0     0     0     0    85
      0     0     0]
 [    7     0     0     0     0     0     0     0     0     0     0     0
     17     0    22]
 [    2     0     0     1     0     0     0     0     0     0     0     0
      0     1     0]
 [    1     0     0     0     0     0     0     0     0     1     1     0
      7     0    10]]