hist_gb  split 40/60

                            precision    recall  f1-score   support

                    BENIGN     0.9981    0.9883    0.9931    200293
                       Bot     0.3243    0.7912    0.4601       182
                      DDoS     0.9986    0.9977    0.9981     11936
             DoS GoldenEye     0.8575    0.9479    0.9004       959
                  DoS Hulk     0.9911    0.9896    0.9903     16116
          DoS Slowhttptest     0.6292    0.8850    0.7355       487
             DoS slowloris     0.5440    0.7405    0.6272       501
               FTP-Patator     0.9146    0.9873    0.9496       553
                Heartbleed     0.0000    0.0000    0.0000         7
              Infiltration     0.0000    0.0000    0.0000        22
                  PortScan     0.9843    0.9916    0.9879      8468
               SSH-Patator     0.9772    1.0000    0.9885       300
  Web Attack - Brute Force     0.1522    0.4745    0.2305       137
Web Attack - Sql Injection     0.0061    0.1667    0.0118        12
          Web Attack - XSS     0.1361    0.4333    0.2072        60

                  accuracy                         0.9873    240033
                 macro avg     0.5675    0.6929    0.6053    240033
              weighted avg     0.9933    0.9873    0.9900    240033


Confusion matrix (rows = true, cols = predicted)
[[197945    294      6    130     71    234    294     36      0    427
     121      7    321    293    114]
 [    35    144      0      0      3      0      0      0      0      0
       0      0      0      0      0]
 [    25      0  11908      1      0      2      0      0      0      0
       0      0      0      0      0]
 [    32      0      6    909      8      0      3      0      0      0
       0      0      1      0      0]
 [   134      3      2      2  15949      1      7      0      0      0
      11      0      5      0      2]
 [    33      0      0      3      0    431      4      0      0      5
       0      0      3      2      6]
 [    45      1      0     14     48     17    371      0      0      0
       0      0      1      0      4]
 [     5      0      0      0      0      0      0    546      0      0
       2      0      0      0      0]
 [     7      0      0      0      0      0      0      0      0      0
       0      0      0      0      0]
 [    14      0      0      0      3      0      3      0      0      0
       0      0      1      0      1]
 [    10      2      3      0     11      0      0     15      0      0
    8397      0      9     19      2]
 [     0      0      0      0      0      0      0      0      0      0
       0    300      0      0      0]
 [    28      0      0      1      0      0      0      0      0      0
       0      0     65      7     36]
 [     8      0      0      0      0      0      0      0      0      0
       0      0      2      2      0]
 [    10      0      0      0      0      0      0      0      0      0
       0      0     19      5     26]]