hist_gb  split 60/40

                            precision    recall  f1-score   support

                    BENIGN     0.9956    0.9798    0.9876     33383
                       Bot     0.2432    0.2903    0.2647        31
                      DDoS     0.9990    0.9955    0.9972      1989
             DoS GoldenEye     0.8072    0.8375    0.8221       160
                  DoS Hulk     0.9936    0.9758    0.9846      2686
          DoS Slowhttptest     0.2385    0.3827    0.2938        81
             DoS slowloris     0.4694    0.8214    0.5974        84
               FTP-Patator     0.6617    0.9565    0.7822        92
                Heartbleed     0.0000    0.0000    0.0000         4
              Infiltration     0.0256    0.0714    0.0377        14
                  PortScan     0.9810    0.9872    0.9841      1411
               SSH-Patator     0.8364    0.9200    0.8762        50
  Web Attack - Brute Force     0.0000    0.0000    0.0000        23
Web Attack - Sql Injection     0.0196    0.1250    0.0339         8
          Web Attack - XSS     0.1212    1.0000    0.2162        20

                  accuracy                         0.9766     40036
                 macro avg     0.4928    0.6229    0.5252     40036
              weighted avg     0.9886    0.9766    0.9822     40036


Confusion matrix (rows = true, cols = predicted)
[[32708    28     1    26    11    71    63    41   167    36    23     8
     44    42   114]
 [   22     9     0     0     0     0     0     0     0     0     0     0
      0     0     0]
 [    2     0  1980     1     1     3     0     0     0     0     0     0
      0     0     2]
 [   16     0     0   134     0     9     0     0     0     0     0     0
      0     1     0]
 [   24     0     0     3  2621    14     4     0     0     0     4     0
      2     7     7]
 [   46     0     0     0     0    31     3     0     0     0     0     0
      0     0     1]
 [    5     0     0     0     0     2    69     0     0     0     0     0
      5     0     3]
 [    1     0     0     0     3     0     0    88     0     0     0     0
      0     0     0]
 [    3     0     0     1     0     0     0     0     0     0     0     0
      0     0     0]
 [   12     0     0     0     0     0     0     0     1     1     0     0
      0     0     0]
 [    6     0     1     1     1     0     0     4     0     2  1393     1
      2     0     0]
 [    4     0     0     0     0     0     0     0     0     0     0    46
      0     0     0]
 [    0     0     0     0     0     0     5     0     0     0     0     0
      0     0    18]
 [    3     0     0     0     1     0     3     0     0     0     0     0
      0     1     0]
 [    0     0     0     0     0     0     0     0     0     0     0     0
      0     0    20]]