hist_gb  split 60/40

                            precision    recall  f1-score   support

                    BENIGN     0.9981    0.9872    0.9926    133529
                       Bot     0.4352    0.6942    0.5350       121
                      DDoS     0.9999    0.9967    0.9983      7957
             DoS GoldenEye     0.8707    0.8638    0.8672       639
                  DoS Hulk     0.9949    0.9885    0.9917     10744
          DoS Slowhttptest     0.7491    0.6708    0.7078       325
             DoS slowloris     0.7425    0.9581    0.8366       334
               FTP-Patator     0.9365    1.0000    0.9672       369
                Heartbleed     0.0000    0.0000    0.0000         5
              Infiltration     0.0030    0.1429    0.0059        14
                  PortScan     0.9891    0.9926    0.9908      5645
               SSH-Patator     0.9950    0.9900    0.9925       200
  Web Attack - Brute Force     0.1400    0.1538    0.1466        91
Web Attack - Sql Injection     0.0061    0.2222    0.0119         9
          Web Attack - XSS     0.1111    0.7500    0.1935        40

                  accuracy                         0.9859    160022
                 macro avg     0.5981    0.6941    0.6159    160022
              weighted avg     0.9947    0.9859    0.9901    160022


Confusion matrix (rows = true, cols = predicted)
[[131817    101      1     67     40     68     89     25    184    657
      62      1     55    195    167]
 [    28     84      0      0      9      0      0      0      0      0
       0      0      0      0      0]
 [    11      0   7931      0      0      0      0      0      0      0
       0      0      1     14      0]
 [    15      0      0    552      2      0      1      0      0      0
       0      0      0     66      3]
 [    57      3      0      9  10620      2      6      0      0      3
       0      0      1     38      5]
 [    85      0      0      1      0    218     12      0      0      0
       0      0      7      2      0]
 [     2      4      0      1      0      3    320      0      0      0
       0      0      2      1      1]
 [     0      0      0      0      0      0      0    369      0      0
       0      0      0      0      0]
 [     5      0      0      0      0      0      0      0      0      0
       0      0      0      0      0]
 [     9      1      0      1      0      0      1      0      0      2
       0      0      0      0      0]
 [    11      0      0      1      2      0      2      0      0      0
    5603      0     15      9      2]
 [     1      0      0      0      1      0      0      0      0      0
       0    198      0      0      0]
 [    14      0      0      1      0      0      0      0      0      0
       0      0     14      0     62]
 [     4      0      0      1      0      0      0      0      0      0
       0      0      2      2      0]
 [     7      0      0      0      0      0      0      0      0      0
       0      0      3      0     30]]