knn  split 60/40

                            precision    recall  f1-score   support

                    BENIGN     0.9892    0.9930    0.9911     33383
                       Bot     0.4444    0.2581    0.3265        31
                      DDoS     0.9954    0.9844    0.9899      1989
             DoS GoldenEye     0.9295    0.9062    0.9177       160
                  DoS Hulk     0.9821    0.9821    0.9821      2686
          DoS Slowhttptest     0.9277    0.9506    0.9390        81
             DoS slowloris     0.9595    0.8452    0.8987        84
               FTP-Patator     0.9890    0.9783    0.9836        92
                Heartbleed     1.0000    1.0000    1.0000         4
              Infiltration     0.3333    0.0714    0.1176        14
                  PortScan     0.8612    0.8398    0.8504      1411
               SSH-Patator     1.0000    0.8600    0.9247        50
  Web Attack - Brute Force     0.5000    0.2609    0.3429        23
Web Attack - Sql Injection     0.2500    0.1250    0.1667         8
          Web Attack - XSS     0.3333    0.1500    0.2069        20

                  accuracy                         0.9836     40036
                 macro avg     0.7663    0.6803    0.7092     40036
              weighted avg     0.9827    0.9836    0.9830     40036


Confusion matrix (rows = true, cols = predicted)
[[33149    10     6     8    15     1     2     0     0     2   188     0
      0     1     1]
 [   23     8     0     0     0     0     0     0     0     0     0     0
      0     0     0]
 [    4     0  1958     1    26     0     0     0     0     0     0     0
      0     0     0]
 [   12     0     0   145     3     0     0     0     0     0     0     0
      0     0     0]
 [   40     0     3     2  2638     0     0     0     0     0     3     0
      0     0     0]
 [    4     0     0     0     0    77     0     0     0     0     0     0
      0     0     0]
 [    8     0     0     0     0     5    71     0     0     0     0     0
      0     0     0]
 [    1     0     0     0     0     0     1    90     0     0     0     0
      0     0     0]
 [    0     0     0     0     0     0     0     0     4     0     0     0
      0     0     0]
 [   13     0     0     0     0     0     0     0     0     1     0     0
      0     0     0]
 [  223     0     0     0     3     0     0     0     0     0  1185     0
      0     0     0]
 [    5     0     0     0     0     0     0     1     0     0     0    43
      0     1     0]
 [   11     0     0     0     0     0     0     0     0     0     0     0
      6     1     5]
 [    6     0     0     0     1     0     0     0     0     0     0     0
      0     1     0]
 [   11     0     0     0     0     0     0     0     0     0     0     0
      6     0     3]]