lda  split 40/60

                            precision    recall  f1-score   support

                    BENIGN     0.9648    0.9374    0.9509    200293
                       Bot     0.0000    0.0000    0.0000       182
                      DDoS     0.7997    0.5747    0.6688     11936
             DoS GoldenEye     0.5993    0.7643    0.6719       959
                  DoS Hulk     0.9412    0.7994    0.8645     16116
          DoS Slowhttptest     0.3783    0.7372    0.5000       487
             DoS slowloris     0.4556    0.3273    0.3810       501
               FTP-Patator     0.2290    0.6745    0.3419       553
                Heartbleed     0.4000    0.8571    0.5455         7
              Infiltration     0.3500    0.3182    0.3333        22
                  PortScan     0.6074    0.9880    0.7523      8468
               SSH-Patator     0.2210    0.9067    0.3553       300
  Web Attack - Brute Force     0.0346    0.8248    0.0665       137
Web Attack - Sql Injection     0.0000    0.0000    0.0000        12
          Web Attack - XSS     0.0059    0.0500    0.0106        60

                  accuracy                         0.9078    240033
                 macro avg     0.3991    0.5840    0.4295    240033
              weighted avg     0.9344    0.9078    0.9171    240033


Confusion matrix (rows = true, cols = predicted)
[[187761     93    182    407     64    524    174   1256      9     13
    5179    952   3092     91    496]
 [   134      0      0      0      0      0      0      0      0      0
      43      5      0      0      0]
 [  4269      0   6860     66    741      0      0      0      0      0
       0      0      0      0      0]
 [   178      0     11    733      0     34      2      0      0      0
       0      0      0      1      0]
 [  1704      0   1494     16  12883      6      0      0      0      0
       6      0      0      0      7]
 [    80      0     27      0      0    359     18      0      0      0
       1      0      1      1      0]
 [   143      0      0      0      0     26    164      0      0      0
     167      0      1      0      0]
 [   169      0      0      0      0      0      0    373      0      0
      11      0      0      0      0]
 [     0      0      0      0      0      0      0      0      6      0
       0      1      0      0      0]
 [    10      0      0      1      0      0      2      0      0      7
       1      0      0      1      0]
 [    96      0      4      0      0      0      0      0      0      0
    8366      0      2      0      0]
 [    28      0      0      0      0      0      0      0      0      0
       0    272      0      0      0]
 [    23      0      0      0      0      0      0      0      0      0
       0      1    113      0      0]
 [    12      0      0      0      0      0      0      0      0      0
       0      0      0      0      0]
 [     2      0      0      0      0      0      0      0      0      0
       0      0     55      0      3]]