lda  split 80/20

                            precision    recall  f1-score   support

                    BENIGN     0.9651    0.9370    0.9508    429639
                       Bot     0.0115    0.0128    0.0121       391
                      DDoS     0.7869    0.5693    0.6606     25603
             DoS GoldenEye     0.5899    0.7690    0.6677      2056
                  DoS Hulk     0.9394    0.7971    0.8624     34570
          DoS Slowhttptest     0.3899    0.7314    0.5086      1046
             DoS slowloris     0.4274    0.3284    0.3714      1075
               FTP-Patator     0.2097    0.6276    0.3144      1187
                Heartbleed     0.1333    1.0000    0.2353         2
              Infiltration     0.0714    0.1429    0.0952         7
                  PortScan     0.6072    0.9866    0.7518     18164
               SSH-Patator     0.2130    0.9084    0.3450       644
  Web Attack - Brute Force     0.0427    0.8605    0.0814       294
Web Attack - Sql Injection     0.0000    0.0000    0.0000         4
          Web Attack - XSS     0.0000    0.0000    0.0000       130

                  accuracy                         0.9069    514812
                 macro avg     0.3592    0.5781    0.3905    514812
              weighted avg     0.9339    0.9069    0.9165    514812


Confusion matrix (rows = true, cols = predicted)
[[402562    429    513    951    107   1017    435   2806     13     13
   11045   2159   5447    208   1934]
 [   273      5      0      0      0      0      0      0      0      0
     110      3      0      0      0]
 [  9222      0  14576    131   1671      0      0      0      0      0
       3      0      0      0      0]
 [   355      0     22   1581      0     91      6      0      0      0
       0      0      0      1      0]
 [  3616      0   3318     17  27556     34      0      0      0      0
      12      0      3      0     14]
 [   170      0     72      0      0    765     32      0      0      0
       4      0      0      3      0]
 [   286      0      9      0      0     55    353      0      0      0
     368      0      4      0      0]
 [   395      0      0      0      0      0      0    745      0      0
      47      0      0      0      0]
 [     0      0      0      0      0      0      0      0      2      0
       0      0      0      0      0]
 [     4      0      0      0      0      0      0      1      0      1
       0      0      0      1      0]
 [   132      0     14      0      0      0      0      0      0      0
   17921      0     97      0      0]
 [    56      0      0      0      0      0      0      0      0      0
       3    585      0      0      0]
 [    41      0      0      0      0      0      0      0      0      0
       0      0    253      0      0]
 [     4      0      0      0      0      0      0      0      0      0
       0      0      0      0      0]
 [    11      0      0      0      0      0      0      0      0      0
       0      0    119      0      0]]