lda  split 60/40

                            precision    recall  f1-score   support

                    BENIGN     0.9653    0.9377    0.9513    133529
                       Bot     0.0000    0.0000    0.0000       121
                      DDoS     0.8045    0.5716    0.6683      7957
             DoS GoldenEye     0.6083    0.7778    0.6827       639
                  DoS Hulk     0.9365    0.8004    0.8631     10744
          DoS Slowhttptest     0.3777    0.7415    0.5005       325
             DoS slowloris     0.4640    0.3473    0.3973       334
               FTP-Patator     0.2291    0.6748    0.3420       369
                Heartbleed     0.7143    1.0000    0.8333         5
              Infiltration     0.5714    0.2857    0.3810        14
                  PortScan     0.6110    0.9881    0.7551      5645
               SSH-Patator     0.2247    0.9000    0.3596       200
  Web Attack - Brute Force     0.0356    0.8352    0.0683        91
Web Attack - Sql Injection     0.0084    0.1111    0.0156         9
          Web Attack - XSS     0.0000    0.0000    0.0000        40

                  accuracy                         0.9080    160022
                 macro avg     0.4367    0.5981    0.4545    160022
              weighted avg     0.9350    0.9080    0.9175    160022


Confusion matrix (rows = true, cols = predicted)
[[125208     21    116    253     39    349    120    838      2      3
    3399    616   1996    112    457]
 [    88      0      0      0      0      0      0      0      0      0
      29      4      0      0      0]
 [  2811      0   4548     54    544      0      0      0      0      0
       0      0      0      0      0]
 [   108      0      7    497      0     21      1      0      0      0
       0      0      0      5      0]
 [  1151      0    962     12   8599     12      0      0      0      0
       3      0      0      0      5]
 [    54      0     18      0      0    241     11      0      0      0
       0      0      1      0      0]
 [    92      0      0      0      0     15    116      0      0      0
     110      0      1      0      0]
 [   110      0      0      0      0      0      0    249      0      0
      10      0      0      0      0]
 [     0      0      0      0      0      0      0      0      5      0
       0      0      0      0      0]
 [     5      0      0      1      0      0      2      0      0      4
       1      0      0      1      0]
 [    40      0      2      0      0      0      0      0      0      0
    5578      0     25      0      0]
 [    20      0      0      0      0      0      0      0      0      0
       0    180      0      0      0]
 [    14      0      0      0      0      0      0      0      0      0
       0      1     76      0      0]
 [     8      0      0      0      0      0      0      0      0      0
       0      0      0      1      0]
 [     5      0      0      0      0      0      0      0      0      0
       0      0     35      0      0]]