lda  split 80/20

                            precision    recall  f1-score   support

                    BENIGN     0.9643    0.9370    0.9505     66764
                       Bot     0.0000    0.0000    0.0000        61
                      DDoS     0.7960    0.5630    0.6595      3979
             DoS GoldenEye     0.6263    0.7594    0.6864       320
                  DoS Hulk     0.9368    0.7947    0.8599      5372
          DoS Slowhttptest     0.3844    0.7593    0.5104       162
             DoS slowloris     0.4603    0.3473    0.3959       167
               FTP-Patator     0.2208    0.6685    0.3320       184
                Heartbleed     0.5000    1.0000    0.6667         2
              Infiltration     0.5714    0.5714    0.5714         7
                  PortScan     0.6102    0.9876    0.7543      2823
               SSH-Patator     0.2119    0.8900    0.3423       100
  Web Attack - Brute Force     0.0338    0.8261    0.0649        46
Web Attack - Sql Injection     0.0000    0.0000    0.0000         4
          Web Attack - XSS     0.0068    0.0500    0.0120        20

                  accuracy                         0.9066     80011
                 macro avg     0.4215    0.6103    0.4538     80011
              weighted avg     0.9338    0.9066    0.9162     80011


Confusion matrix (rows = true, cols = predicted)
[[62558    18    64   119    20   172    60   434     2     3  1701   328
   1060    81   144]
 [   43     0     0     0     0     0     0     0     0     0    16     2
      0     0     0]
 [ 1450     0  2240    21   268     0     0     0     0     0     0     0
      0     0     0]
 [   57     0     4   243     0     9     1     0     0     0     0     0
      0     6     0]
 [  590     0   498     5  4269     8     0     0     0     0     1     0
      0     0     1]
 [   25     0     7     0     0   123     7     0     0     0     0     0
      0     0     0]
 [   43     0     0     0     0     8    58     0     0     0    57     0
      1     0     0]
 [   55     0     0     0     0     0     0   123     0     0     6     0
      0     0     0]
 [    0     0     0     0     0     0     0     0     2     0     0     0
      0     0     0]
 [    2     0     0     0     0     0     0     0     0     4     0     0
      0     1     0]
 [   26     0     1     0     0     0     0     0     0     0  2788     0
      8     0     0]
 [   11     0     0     0     0     0     0     0     0     0     0    89
      0     0     0]
 [    7     0     0     0     0     0     0     0     0     0     0     1
     38     0     0]
 [    4     0     0     0     0     0     0     0     0     0     0     0
      0     0     0]
 [    1     0     0     0     0     0     0     0     0     0     0     0
     18     0     1]]