lda  split 60/40

                            precision    recall  f1-score   support

                    BENIGN     0.9646    0.9333    0.9487     33383
                       Bot     0.0000    0.0000    0.0000        31
                      DDoS     0.7824    0.5676    0.6579      1989
             DoS GoldenEye     0.5540    0.7375    0.6327       160
                  DoS Hulk     0.9403    0.7919    0.8597      2686
          DoS Slowhttptest     0.4359    0.8395    0.5738        81
             DoS slowloris     0.4035    0.2738    0.3262        84
               FTP-Patator     0.2131    0.6739    0.3238        92
                Heartbleed     1.0000    1.0000    1.0000         4
              Infiltration     1.0000    0.2857    0.4444        14
                  PortScan     0.6039    0.9887    0.7498      1411
               SSH-Patator     0.2416    0.8600    0.3772        50
  Web Attack - Brute Force     0.0478    0.8696    0.0907        23
Web Attack - Sql Injection     0.0090    0.2500    0.0175         8
          Web Attack - XSS     0.0000    0.0000    0.0000        20

                  accuracy                         0.9030     40036
                 macro avg     0.4797    0.6048    0.4668     40036
              weighted avg     0.9327    0.9030    0.9137     40036


Confusion matrix (rows = true, cols = predicted)
[[31156     1    30    86    10    73    30   229     0     0   874   135
    377   208   174]
 [   21     0     0     0     0     0     0     0     0     0    10     0
      0     0     0]
 [  728     0  1129     7   125     0     0     0     0     0     0     0
      0     0     0]
 [   24     0     1   118     0     7     1     0     0     0     0     0
      0     9     0]
 [  270     0   278     2  2127     0     0     0     0     0     3     0
      0     2     4]
 [   11     0     2     0     0    68     0     0     0     0     0     0
      0     0     0]
 [   25     0     1     0     0     6    23     0     0     0    28     0
      1     0     0]
 [   30     0     0     0     0     0     0    62     0     0     0     0
      0     0     0]
 [    0     0     0     0     0     0     0     0     4     0     0     0
      0     0     0]
 [    5     0     0     0     0     2     3     0     0     4     0     0
      0     0     0]
 [   14     0     2     0     0     0     0     0     0     0  1395     0
      0     0     0]
 [    7     0     0     0     0     0     0     0     0     0     0    43
      0     0     0]
 [    3     0     0     0     0     0     0     0     0     0     0     0
     20     0     0]
 [    6     0     0     0     0     0     0     0     0     0     0     0
      0     2     0]
 [    0     0     0     0     0     0     0     0     0     0     0     0
     20     0     0]]