lightgbm  split 40/60

                            precision    recall  f1-score   support

                    BENIGN     0.9753    0.8771    0.9236    200293
                       Bot     0.0000    0.0000    0.0000       182
                      DDoS     0.4923    0.1175    0.1898     11936
             DoS GoldenEye     0.0000    0.0000    0.0000       959
                  DoS Hulk     0.4371    0.8940    0.5872     16116
          DoS Slowhttptest     0.0397    0.0103    0.0163       487
             DoS slowloris     0.1062    0.1198    0.1126       501
               FTP-Patator     0.1477    0.2514    0.1861       553
                Heartbleed     0.0000    0.0000    0.0000         7
              Infiltration     0.0000    0.0000    0.0000        22
                  PortScan     0.4474    0.6174    0.5189      8468
               SSH-Patator     0.0000    0.0000    0.0000       300
  Web Attack - Brute Force     0.0000    0.0000    0.0000       137
Web Attack - Sql Injection     0.0000    0.0000    0.0000        12
          Web Attack - XSS     0.0003    0.0333    0.0006        60

                  accuracy                         0.8204    240033
                 macro avg     0.1764    0.1947    0.1690    240033
              weighted avg     0.8841    0.8204    0.8385    240033


Confusion matrix (rows = true, cols = predicted)
[[175670    484   1255     67  12521     22    498    582      2    816
    4615    247     63     17   3434]
 [   162      0      0      0     19      0      0      0      0      0
       1      0      0      0      0]
 [   179   1293   1403      0   4762      0      0     21      0     41
    1385    440    139     81   2192]
 [    24      0      0      0    651      2      0      0      0      0
      82      0     12      0    188]
 [   325     27    188    343  14407      0      3    175      0     31
     294     23      0     37    263]
 [    89      0      0      6     17      5      4     24      0      0
      38      1    253     38     12]
 [   100      0      0      0     27     97     60      0      0      0
       9      0    162     38      8]
 [   135      0      1      0    250      0      0    139      0     23
       5      0      0      0      0]
 [     0      0      0      0      7      0      0      0      0      0
       0      0      0      0      0]
 [    17      0      1      0      4      0      0      0      0      0
       0      0      0      0      0]
 [  3220     12      2      0      2      0      0      0      0      0
    5228      2      0      0      2]
 [     4      0      0      0    275      0      0      0      0      0
      21      0      0      0      0]
 [   126      0      0      0      6      0      0      0      0      0
       5      0      0      0      0]
 [     5      0      0      0      6      0      0      0      0      0
       1      0      0      0      0]
 [    55      0      0      0      3      0      0      0      0      0
       0      0      0      0      2]]