lightgbm  split 60/40

                            precision    recall  f1-score   support

                    BENIGN     0.9125    0.9406    0.9263     33383
                       Bot     0.0000    0.0000    0.0000        31
                      DDoS     0.7942    0.1649    0.2731      1989
             DoS GoldenEye     0.2727    0.3000    0.2857       160
                  DoS Hulk     0.5811    0.5815    0.5813      2686
          DoS Slowhttptest     0.5000    0.0247    0.0471        81
             DoS slowloris     0.0000    0.0000    0.0000        84
               FTP-Patator     0.1579    0.0326    0.0541        92
                Heartbleed     0.0000    0.0000    0.0000         4
              Infiltration     0.0000    0.0000    0.0000        14
                  PortScan     0.0034    0.0050    0.0040      1411
               SSH-Patator     0.0000    0.0000    0.0000        50
  Web Attack - Brute Force     0.0000    0.0000    0.0000        23
Web Attack - Sql Injection     0.0000    0.0000    0.0000         8
          Web Attack - XSS     0.0000    0.0000    0.0000        20

                  accuracy                         0.8330     40036
                 macro avg     0.2148    0.1366    0.1448     40036
              weighted avg     0.8419    0.8330    0.8265     40036


Confusion matrix (rows = true, cols = predicted)
[[31400     3    12    10   862     2     2     7     8     0  1067     0
      3     0     7]
 [   31     0     0     0     0     0     0     0     0     0     0     0
      0     0     0]
 [  955     0   328     3   235     0     0     2     0     0   379    34
     52     0     1]
 [   70     0     0    48     0     0     0     0     0     0    12     1
     29     0     0]
 [  349     1    73   114  1562     0     6     7     3     0   483     0
     62    22     4]
 [   51     0     0     0     3     2    22     0     0     0     3     0
      0     0     0]
 [   49     0     0     1    25     0     0     0     4     0     5     0
      0     0     0]
 [   31     0     0     0     0     0     0     3     0     0    58     0
      0     0     0]
 [    3     0     0     0     0     0     0     0     0     0     1     0
      0     0     0]
 [   14     0     0     0     0     0     0     0     0     0     0     0
      0     0     0]
 [ 1403     0     0     0     1     0     0     0     0     0     7     0
      0     0     0]
 [   46     0     0     0     0     0     0     0     0     0     4     0
      0     0     0]
 [    3     0     0     0     0     0     0     0     0     0    20     0
      0     0     0]
 [    7     0     0     0     0     0     0     0     0     0     1     0
      0     0     0]
 [    0     0     0     0     0     0     0     0     0     0    20     0
      0     0     0]]