lightgbm  split 80/20

                            precision    recall  f1-score   support

                    BENIGN     0.9673    0.9681    0.9677     66764
                       Bot     0.0000    0.0000    0.0000        61
                      DDoS     0.8461    0.8472    0.8467      3979
             DoS GoldenEye     0.0000    0.0000    0.0000       320
                  DoS Hulk     0.8900    0.8267    0.8572      5372
          DoS Slowhttptest     0.0000    0.0000    0.0000       162
             DoS slowloris     0.0000    0.0000    0.0000       167
               FTP-Patator     0.8960    0.6087    0.7249       184
                Heartbleed     0.0000    0.0000    0.0000         2
              Infiltration     0.0000    0.0000    0.0000         7
                  PortScan     0.9526    0.8760    0.9127      2823
               SSH-Patator     0.0000    0.0000    0.0000       100
  Web Attack - Brute Force     0.0000    0.0000    0.0000        46
Web Attack - Sql Injection     0.0000    0.0000    0.0000         4
          Web Attack - XSS     0.0000    0.0000    0.0000        20

                  accuracy                         0.9378     80011
                 macro avg     0.3035    0.2751    0.2873     80011
              weighted avg     0.9447    0.9378    0.9410     80011


Confusion matrix (rows = true, cols = predicted)
[[64634     5   529   239   305   254   116     8    92   126   112    48
      7     3   286]
 [   61     0     0     0     0     0     0     0     0     0     0     0
      0     0     0]
 [  526     0  3371     0    44    11     0     0     0     0     6    14
      0     0     7]
 [  164     0     6     0   142     0     4     0     0     0     0     4
      0     0     0]
 [  651     0    54     0  4441     6   144     0     0     2     4     0
      9     0    61]
 [  156     0     0     1     0     0     5     0     0     0     0     0
      0     0     0]
 [  164     0     0     0     2     1     0     0     0     0     0     0
      0     0     0]
 [    4     0     0     0    55     0    13   112     0     0     0     0
      0     0     0]
 [    2     0     0     0     0     0     0     0     0     0     0     0
      0     0     0]
 [    6     0     1     0     0     0     0     0     0     0     0     0
      0     0     0]
 [  311     0    21     0     0     1     0     5     7     0  2473     1
      0     3     1]
 [   99     0     0     0     0     0     1     0     0     0     0     0
      0     0     0]
 [   24     0     1     0     0    19     1     0     0     0     1     0
      0     0     0]
 [    2     0     1     0     1     0     0     0     0     0     0     0
      0     0     0]
 [   15     0     0     0     0     5     0     0     0     0     0     0
      0     0     0]]