lightgbm  split 60/40

                            precision    recall  f1-score   support

                    BENIGN     0.8772    0.1557    0.2645    133529
                       Bot     0.0000    0.0000    0.0000       121
                      DDoS     0.1140    0.4146    0.1789      7957
             DoS GoldenEye     0.1474    0.0360    0.0579       639
                  DoS Hulk     0.4297    0.0800    0.1348     10744
          DoS Slowhttptest     0.0000    0.0000    0.0000       325
             DoS slowloris     0.0000    0.0000    0.0000       334
               FTP-Patator     0.0000    0.0000    0.0000       369
                Heartbleed     0.0000    0.0000    0.0000         5
              Infiltration     0.0000    0.0000    0.0000        14
                  PortScan     0.0533    0.9906    0.1012      5645
               SSH-Patator     0.0000    0.0000    0.0000       200
  Web Attack - Brute Force     0.0000    0.0000    0.0000        91
Web Attack - Sql Injection     0.0000    0.0000    0.0000         9
          Web Attack - XSS     0.0000    0.0000    0.0000        40

                  accuracy                         0.1910    160022
                 macro avg     0.1081    0.1118    0.0492    160022
              weighted avg     0.7689    0.1910    0.2425    160022


Confusion matrix (rows = true, cols = predicted)
[[20796     8 17035    81   867    15    12     0     4     0 94705     4
      1     1     0]
 [   29     0     0     0     0     0     0     0     0     0    92     0
      0     0     0]
 [ 1321     0  3299     0   125     0     2     0     2     0  3203     3
      2     0     0]
 [  205     0   386    23    23     0     0     0     0     0     0     2
      0     0     0]
 [  461    20  7945    50   859     0   286     0     0     0  1119     0
      0     0     4]
 [  292     0    10     0     5     0     0     0     0     0    18     0
      0     0     0]
 [  255     1    25     0    36     0     0     0     0     0    17     0
      0     0     0]
 [    7     0   204     0    78     0     0     0     0     0    52    11
     17     0     0]
 [    0     0     5     0     0     0     0     0     0     0     0     0
      0     0     0]
 [   11     0     2     0     1     0     0     0     0     0     0     0
      0     0     0]
 [   51     0     1     0     1     0     0     0     0     0  5592     0
      0     0     0]
 [  157     0    16     2     4     0     0     0     4     0    17     0
      0     0     0]
 [   83     1     1     0     0     0     0     0     0     0     6     0
      0     0     0]
 [    1     0     5     0     0     0     0     0     0     0     3     0
      0     0     0]
 [   39     0     0     0     0     0     0     0     0     0     1     0
      0     0     0]]