lightgbm  split 80/20

                            precision    recall  f1-score   support

                    BENIGN     0.8687    0.8816    0.8751    429639
                       Bot     0.0000    0.0000    0.0000       391
                      DDoS     0.1761    0.2478    0.2059     25603
             DoS GoldenEye     0.0501    0.2301    0.0823      2056
                  DoS Hulk     0.3167    0.0605    0.1016     34570
          DoS Slowhttptest     0.4995    0.5287    0.5137      1046
             DoS slowloris     0.0000    0.0000    0.0000      1075
               FTP-Patator     0.0000    0.0000    0.0000      1187
                Heartbleed     0.0000    0.0000    0.0000         2
              Infiltration     0.0000    0.0000    0.0000         7
                  PortScan     0.9645    0.9133    0.9382     18164
               SSH-Patator     0.0000    0.0000    0.0000       644
  Web Attack - Brute Force     0.0000    0.0000    0.0000       294
Web Attack - Sql Injection     0.0000    0.0000    0.0000         4
          Web Attack - XSS     0.0000    0.0000    0.0000       130

                  accuracy                         0.7864    514812
                 macro avg     0.1917    0.1908    0.1811    514812
              weighted avg     0.7903    0.7864    0.7819    514812


Confusion matrix (rows = true, cols = predicted)
[[378774    577  28331   8823   4296    480    428   3749    316     31
     610   1100   1361    152    611]
 [   389      0      2      0      0      0      0      0      0      0
       0      0      0      0      0]
 [ 19145      0   6344     10     79     18      0      0      0      0
       0      6      1      0      0]
 [  1543      0      6    473     34      0      0      0      0      0
       0      0      0      0      0]
 [ 31770      0    577    116   2091      2      2      0      0      0
       0     11      1      0      0]
 [   400      0      9      3     81    553      0      0      0      0
       0      0      0      0      0]
 [   678      0    331      0     12     54      0      0      0      0
       0      0      0      0      0]
 [  1079      0     15      1      1      0      0      0      0      0
       0      0     91      0      0]
 [     2      0      0      0      0      0      0      0      0      0
       0      0      0      0      0]
 [     6      0      0      1      0      0      0      0      0      0
       0      0      0      0      0]
 [  1543      0     27      0      4      0      0      0      0      0
   16590      0      0      0      0]
 [   623      0     17      1      3      0      0      0      0      0
       0      0      0      0      0]
 [    52      0    240      0      2      0      0      0      0      0
       0      0      0      0      0]
 [     4      0      0      0      0      0      0      0      0      0
       0      0      0      0      0]
 [     9      0    117      4      0      0      0      0      0      0
       0      0      0      0      0]]