linear_svm  split 80/20

                            precision    recall  f1-score   support

                    BENIGN     0.9812    0.9837    0.9824     66764
                       Bot     1.0000    0.0164    0.0323        61
                      DDoS     0.9978    0.9251    0.9601      3979
             DoS GoldenEye     0.9444    0.7969    0.8644       320
                  DoS Hulk     0.9944    0.8937    0.9414      5372
          DoS Slowhttptest     0.8224    0.7716    0.7962       162
             DoS slowloris     0.9038    0.5629    0.6937       167
               FTP-Patator     1.0000    0.7011    0.8243       184
                Heartbleed     0.2222    1.0000    0.3636         2
              Infiltration     1.0000    0.2857    0.4444         7
                  PortScan     0.7311    0.9841    0.8389      2823
               SSH-Patator     1.0000    0.8800    0.9362       100
  Web Attack - Brute Force     0.0000    0.0000    0.0000        46
Web Attack - Sql Injection     0.0000    0.0000    0.0000         4
          Web Attack - XSS     0.0000    0.0000    0.0000        20

                  accuracy                         0.9702     80011
                 macro avg     0.7065    0.5867    0.5785     80011
              weighted avg     0.9726    0.9702    0.9700     80011


Confusion matrix (rows = true, cols = predicted)
[[65673     0     3    13    27    23     5     0     7     0  1007     0
      0     4     2]
 [   45     1     0     0     0     0     0     0     0     0    15     0
      0     0     0]
 [  298     0  3681     0     0     0     0     0     0     0     0     0
      0     0     0]
 [   65     0     0   255     0     0     0     0     0     0     0     0
      0     0     0]
 [  563     0     5     2  4801     1     0     0     0     0     0     0
      0     0     0]
 [   32     0     0     0     0   125     5     0     0     0     0     0
      0     0     0]
 [   70     0     0     0     0     3    94     0     0     0     0     0
      0     0     0]
 [   55     0     0     0     0     0     0   129     0     0     0     0
      0     0     0]
 [    0     0     0     0     0     0     0     0     2     0     0     0
      0     0     0]
 [    5     0     0     0     0     0     0     0     0     2     0     0
      0     0     0]
 [   45     0     0     0     0     0     0     0     0     0  2778     0
      0     0     0]
 [   12     0     0     0     0     0     0     0     0     0     0    88
      0     0     0]
 [   46     0     0     0     0     0     0     0     0     0     0     0
      0     0     0]
 [    4     0     0     0     0     0     0     0     0     0     0     0
      0     0     0]
 [   20     0     0     0     0     0     0     0     0     0     0     0
      0     0     0]]