linear_svm  split 60/40

                            precision    recall  f1-score   support

                    BENIGN     0.9784    0.9812    0.9798     33383
                       Bot     0.0000    0.0000    0.0000        31
                      DDoS     0.9905    0.8954    0.9406      1989
             DoS GoldenEye     0.9481    0.8000    0.8678       160
                  DoS Hulk     0.9943    0.9013    0.9455      2686
          DoS Slowhttptest     0.8118    0.8519    0.8313        81
             DoS slowloris     0.9559    0.7738    0.8553        84
               FTP-Patator     0.9538    0.6739    0.7898        92
                Heartbleed     0.3750    0.7500    0.5000         4
              Infiltration     0.7500    0.2143    0.3333        14
                  PortScan     0.7010    0.9738    0.8152      1411
               SSH-Patator     0.0000    0.0000    0.0000        50
  Web Attack - Brute Force     0.0000    0.0000    0.0000        23
Web Attack - Sql Injection     0.0000    0.0000    0.0000         8
          Web Attack - XSS     0.0000    0.0000    0.0000        20

                  accuracy                         0.9657     40036
                 macro avg     0.5639    0.5210    0.5239     40036
              weighted avg     0.9664    0.9657    0.9648     40036


Confusion matrix (rows = true, cols = predicted)
[[32755     0    10     6    13    10     3     3     5     1   576     0
      1     0     0]
 [   21     0     0     0     0     0     0     0     0     0    10     0
      0     0     0]
 [  207     0  1781     1     0     0     0     0     0     0     0     0
      0     0     0]
 [   32     0     0   128     0     0     0     0     0     0     0     0
      0     0     0]
 [  255     0     7     0  2421     3     0     0     0     0     0     0
      0     0     0]
 [   12     0     0     0     0    69     0     0     0     0     0     0
      0     0     0]
 [   16     0     0     0     0     3    65     0     0     0     0     0
      0     0     0]
 [   30     0     0     0     0     0     0    62     0     0     0     0
      0     0     0]
 [    1     0     0     0     0     0     0     0     3     0     0     0
      0     0     0]
 [   11     0     0     0     0     0     0     0     0     3     0     0
      0     0     0]
 [   36     0     0     0     1     0     0     0     0     0  1374     0
      0     0     0]
 [   50     0     0     0     0     0     0     0     0     0     0     0
      0     0     0]
 [   23     0     0     0     0     0     0     0     0     0     0     0
      0     0     0]
 [    8     0     0     0     0     0     0     0     0     0     0     0
      0     0     0]
 [   20     0     0     0     0     0     0     0     0     0     0     0
      0     0     0]]