logistic  split 60/40

                            precision    recall  f1-score   support

                    BENIGN     0.9884    0.9818    0.9851    133529
                       Bot     0.3333    0.0083    0.0161       121
                      DDoS     0.9933    0.9744    0.9838      7957
             DoS GoldenEye     0.9428    0.8513    0.8947       639
                  DoS Hulk     0.9968    0.9375    0.9663     10744
          DoS Slowhttptest     0.7923    0.8215    0.8066       325
             DoS slowloris     0.9747    0.5778    0.7256       334
               FTP-Patator     0.9774    0.7019    0.8170       369
                Heartbleed     1.0000    1.0000    1.0000         5
              Infiltration     0.5556    0.3571    0.4348        14
                  PortScan     0.7097    0.9924    0.8276      5645
               SSH-Patator     0.9677    0.9000    0.9326       200
  Web Attack - Brute Force     0.0000    0.0000    0.0000        91
Web Attack - Sql Injection     0.0000    0.0000    0.0000         9
          Web Attack - XSS     0.0000    0.0000    0.0000        40

                  accuracy                         0.9747    160022
                 macro avg     0.6821    0.6069    0.6260    160022
              weighted avg     0.9773    0.9747    0.9748    160022


Confusion matrix (rows = true, cols = predicted)
[[131095      2     26     31     32     63      2      5      0      4
    2262      6      1      0      0]
 [    91      1      0      0      0      0      0      0      0      0
      29      0      0      0      0]
 [   204      0   7753      0      0      0      0      0      0      0
       0      0      0      0      0]
 [    95      0      0    544      0      0      0      0      0      0
       0      0      0      0      0]
 [   645      0     26      0  10073      0      0      0      0      0
       0      0      0      0      0]
 [    56      0      0      0      0    267      2      0      0      0
       0      0      0      0      0]
 [   134      0      0      0      0      7    193      0      0      0
       0      0      0      0      0]
 [   110      0      0      0      0      0      0    259      0      0
       0      0      0      0      0]
 [     0      0      0      0      0      0      0      0      5      0
       0      0      0      0      0]
 [     8      0      0      0      0      0      0      1      0      5
       0      0      0      0      0]
 [    41      0      0      1      0      0      1      0      0      0
    5602      0      0      0      0]
 [    20      0      0      0      0      0      0      0      0      0
       0    180      0      0      0]
 [    91      0      0      0      0      0      0      0      0      0
       0      0      0      0      0]
 [     8      0      0      1      0      0      0      0      0      0
       0      0      0      0      0]
 [    40      0      0      0      0      0      0      0      0      0
       0      0      0      0      0]]