logistic  split 40/60

                            precision    recall  f1-score   support

                    BENIGN     0.9888    0.9812    0.9850    200293
                       Bot     0.6667    0.0220    0.0426       182
                      DDoS     0.9930    0.9693    0.9810     11936
             DoS GoldenEye     0.9251    0.8373    0.8790       959
                  DoS Hulk     0.9966    0.9394    0.9672     16116
          DoS Slowhttptest     0.7780    0.8131    0.7952       487
             DoS slowloris     0.9707    0.8603    0.9122       501
               FTP-Patator     0.9648    0.6944    0.8076       553
                Heartbleed     1.0000    0.5714    0.7273         7
              Infiltration     0.6250    0.4545    0.5263        22
                  PortScan     0.7055    0.9928    0.8248      8468
               SSH-Patator     0.9643    0.9000    0.9310       300
  Web Attack - Brute Force     0.0000    0.0000    0.0000       137
Web Attack - Sql Injection     0.0000    0.0000    0.0000        12
          Web Attack - XSS     0.0000    0.0000    0.0000        60

                  accuracy                         0.9746    240033
                 macro avg     0.7052    0.6024    0.6253    240033
              weighted avg     0.9776    0.9746    0.9749    240033


Confusion matrix (rows = true, cols = predicted)
[[196525      2     51     63     52     99      9     12      0      6
    3462     10      2      0      0]
 [   136      4      0      0      0      0      0      0      0      0
      42      0      0      0      0]
 [   367      0  11569      0      0      0      0      0      0      0
       0      0      0      0      0]
 [   156      0      0    803      0      0      0      0      0      0
       0      0      0      0      0]
 [   939      0     31      0  15140      0      0      0      0      0
       6      0      0      0      0]
 [    88      0      0      0      0    396      3      0      0      0
       0      0      0      0      0]
 [    56      0      0      0      0     14    431      0      0      0
       0      0      0      0      0]
 [   169      0      0      0      0      0      0    384      0      0
       0      0      0      0      0]
 [     3      0      0      0      0      0      0      0      4      0
       0      0      0      0      0]
 [    11      0      0      0      0      0      0      1      0     10
       0      0      0      0      0]
 [    58      0      0      1      0      0      1      1      0      0
    8407      0      0      0      0]
 [    30      0      0      0      0      0      0      0      0      0
       0    270      0      0      0]
 [   137      0      0      0      0      0      0      0      0      0
       0      0      0      0      0]
 [    11      0      0      1      0      0      0      0      0      0
       0      0      0      0      0]
 [    60      0      0      0      0      0      0      0      0      0
       0      0      0      0      0]]