logistic  split 80/20

                            precision    recall  f1-score   support

                    BENIGN     0.9909    0.9837    0.9873    429639
                       Bot     0.8571    0.0153    0.0302       391
                      DDoS     0.9963    0.9798    0.9879     25603
             DoS GoldenEye     0.9765    0.8672    0.9186      2056
                  DoS Hulk     0.9972    0.9435    0.9696     34570
          DoS Slowhttptest     0.8382    0.8566    0.8473      1046
             DoS slowloris     0.9131    0.8995    0.9063      1075
               FTP-Patator     0.9627    0.9789    0.9708      1187
                Heartbleed     1.0000    0.5000    0.6667         2
              Infiltration     0.7500    0.4286    0.5455         7
                  PortScan     0.7320    0.9927    0.8426     18164
               SSH-Patator     0.9899    0.9115    0.9491       644
  Web Attack - Brute Force     0.0000    0.0000    0.0000       294
Web Attack - Sql Injection     0.0000    0.0000    0.0000         4
          Web Attack - XSS     0.0000    0.0000    0.0000       130

                  accuracy                         0.9786    514812
                 macro avg     0.7336    0.6238    0.6415    514812
              weighted avg     0.9809    0.9786    0.9787    514812


Confusion matrix (rows = true, cols = predicted)
[[422641      1     45     40     90    158     17     40      0      1
    6596      6      4      0      0]
 [   385      6      0      0      0      0      0      0      0      0
       0      0      0      0      0]
 [   513      0  25085      1      2      0      0      0      0      0
       2      0      0      0      0]
 [   271      0      0   1783      0      1      1      0      0      0
       0      0      0      0      0]
 [  1903      0     49      1  32617      0      0      0      0      0
       0      0      0      0      0]
 [    76      0      0      0      0    896     74      0      0      0
       0      0      0      0      0]
 [    94      0      0      0      0     14    967      0      0      0
       0      0      0      0      0]
 [    25      0      0      0      0      0      0   1162      0      0
       0      0      0      0      0]
 [     1      0      0      0      0      0      0      0      1      0
       0      0      0      0      0]
 [     3      0      0      0      0      0      0      1      0      3
       0      0      0      0      0]
 [   132      0      0      0      0      0      0      1      0      0
   18031      0      0      0      0]
 [    51      0      0      0      0      0      0      3      0      0
       3    587      0      0      0]
 [   294      0      0      0      0      0      0      0      0      0
       0      0      0      0      0]
 [     3      0      0      1      0      0      0      0      0      0
       0      0      0      0      0]
 [   126      0      0      0      0      0      0      0      0      0
       0      0      4      0      0]]