logistic  split 80/20

                            precision    recall  f1-score   support

                    BENIGN     0.9881    0.9821    0.9851     66764
                       Bot     1.0000    0.0164    0.0323        61
                      DDoS     0.9938    0.9741    0.9839      3979
             DoS GoldenEye     0.9468    0.8344    0.8870       320
                  DoS Hulk     0.9966    0.9367    0.9657      5372
          DoS Slowhttptest     0.8125    0.8025    0.8075       162
             DoS slowloris     0.9500    0.5689    0.7116       167
               FTP-Patator     0.9773    0.7011    0.8165       184
                Heartbleed     0.0000    0.0000    0.0000         2
              Infiltration     0.4286    0.4286    0.4286         7
                  PortScan     0.7130    0.9926    0.8299      2823
               SSH-Patator     0.9570    0.8900    0.9223       100
  Web Attack - Brute Force     0.0000    0.0000    0.0000        46
Web Attack - Sql Injection     0.0000    0.0000    0.0000         4
          Web Attack - XSS     0.0000    0.0000    0.0000        20

                  accuracy                         0.9748     80011
                 macro avg     0.6509    0.5418    0.5580     80011
              weighted avg     0.9777    0.9748    0.9748     80011


Confusion matrix (rows = true, cols = predicted)
[[65569     0    12    15    17    27     0     2     0     4  1113     4
      1     0     0]
 [   45     1     0     0     0     0     0     0     0     0    15     0
      0     0     0]
 [  103     0  3876     0     0     0     0     0     0     0     0     0
      0     0     0]
 [   53     0     0   267     0     0     0     0     0     0     0     0
      0     0     0]
 [  328     0    12     0  5032     0     0     0     0     0     0     0
      0     0     0]
 [   27     0     0     0     0   130     5     0     0     0     0     0
      0     0     0]
 [   69     0     0     0     0     3    95     0     0     0     0     0
      0     0     0]
 [   55     0     0     0     0     0     0   129     0     0     0     0
      0     0     0]
 [    2     0     0     0     0     0     0     0     0     0     0     0
      0     0     0]
 [    3     0     0     0     0     0     0     1     0     3     0     0
      0     0     0]
 [   21     0     0     0     0     0     0     0     0     0  2802     0
      0     0     0]
 [   11     0     0     0     0     0     0     0     0     0     0    89
      0     0     0]
 [   46     0     0     0     0     0     0     0     0     0     0     0
      0     0     0]
 [    4     0     0     0     0     0     0     0     0     0     0     0
      0     0     0]
 [   20     0     0     0     0     0     0     0     0     0     0     0
      0     0     0]]