logistic  split 60/40

                            precision    recall  f1-score   support

                    BENIGN     0.9849    0.9800    0.9824     33383
                       Bot     0.0000    0.0000    0.0000        31
                      DDoS     0.9907    0.9638    0.9771      1989
             DoS GoldenEye     0.9583    0.8625    0.9079       160
                  DoS Hulk     0.9896    0.9177    0.9523      2686
          DoS Slowhttptest     0.8372    0.8889    0.8623        81
             DoS slowloris     0.9710    0.7976    0.8758        84
               FTP-Patator     0.9841    0.6739    0.8000        92
                Heartbleed     1.0000    1.0000    1.0000         4
              Infiltration     0.7778    0.5000    0.6087        14
                  PortScan     0.6916    0.9887    0.8139      1411
               SSH-Patator     0.0000    0.0000    0.0000        50
  Web Attack - Brute Force     0.0000    0.0000    0.0000        23
Web Attack - Sql Injection     0.0000    0.0000    0.0000         8
          Web Attack - XSS     0.0000    0.0000    0.0000        20

                  accuracy                         0.9702     40036
                 macro avg     0.6123    0.5715    0.5854     40036
              weighted avg     0.9714    0.9702    0.9696     40036


Confusion matrix (rows = true, cols = predicted)
[[32714     0    13     4    23    11     2     1     0     2   612     1
      0     0     0]
 [   21     0     0     0     0     0     0     0     0     0    10     0
      0     0     0]
 [   72     0  1917     0     0     0     0     0     0     0     0     0
      0     0     0]
 [   22     0     0   138     0     0     0     0     0     0     0     0
      0     0     0]
 [  214     0     5     2  2465     0     0     0     0     0     0     0
      0     0     0]
 [    8     0     0     0     1    72     0     0     0     0     0     0
      0     0     0]
 [   15     0     0     0     0     2    67     0     0     0     0     0
      0     0     0]
 [   30     0     0     0     0     0     0    62     0     0     0     0
      0     0     0]
 [    0     0     0     0     0     0     0     0     4     0     0     0
      0     0     0]
 [    6     0     0     0     0     1     0     0     0     7     0     0
      0     0     0]
 [   14     0     0     0     2     0     0     0     0     0  1395     0
      0     0     0]
 [   50     0     0     0     0     0     0     0     0     0     0     0
      0     0     0]
 [   23     0     0     0     0     0     0     0     0     0     0     0
      0     0     0]
 [    8     0     0     0     0     0     0     0     0     0     0     0
      0     0     0]
 [   20     0     0     0     0     0     0     0     0     0     0     0
      0     0     0]]