mlp  split 60/40

                            precision    recall  f1-score   support

                    BENIGN     0.9967    0.9978    0.9972    133529
                       Bot     0.9608    0.4050    0.5698       121
                      DDoS     0.9989    0.9990    0.9989      7957
             DoS GoldenEye     0.9844    0.9859    0.9851       639
                  DoS Hulk     0.9976    0.9858    0.9916     10744
          DoS Slowhttptest     0.8712    0.9785    0.9217       325
             DoS slowloris     0.9644    0.9731    0.9687       334
               FTP-Patator     0.9839    0.9919    0.9879       369
                Heartbleed     1.0000    1.0000    1.0000         5
              Infiltration     1.0000    0.3571    0.5263        14
                  PortScan     0.9670    0.9903    0.9785      5645
               SSH-Patator     0.9198    0.9750    0.9466       200
  Web Attack - Brute Force     0.8571    0.0659    0.1224        91
Web Attack - Sql Injection     0.0000    0.0000    0.0000         9
          Web Attack - XSS     0.0000    0.0000    0.0000        40

                  accuracy                         0.9952    160022
                 macro avg     0.8334    0.7137    0.7330    160022
              weighted avg     0.9949    0.9952    0.9948    160022


Confusion matrix (rows = true, cols = predicted)
[[133229      2      9      7     24     44      7      6      0      0
     191      9      1      0      0]
 [    72     49      0      0      0      0      0      0      0      0
       0      0      0      0      0]
 [     8      0   7949      0      0      0      0      0      0      0
       0      0      0      0      0]
 [     9      0      0    630      0      0      0      0      0      0
       0      0      0      0      0]
 [   153      0      0      0  10591      0      0      0      0      0
       0      0      0      0      0]
 [     6      0      0      0      0    318      1      0      0      0
       0      0      0      0      0]
 [     6      0      0      0      0      3    325      0      0      0
       0      0      0      0      0]
 [     2      0      0      0      0      0      1    366      0      0
       0      0      0      0      0]
 [     0      0      0      0      0      0      0      0      5      0
       0      0      0      0      0]
 [     8      0      0      1      0      0      0      0      0      5
       0      0      0      0      0]
 [    49      0      0      0      2      0      3      0      0      0
    5590      1      0      0      0]
 [     5      0      0      0      0      0      0      0      0      0
       0    195      0      0      0]
 [    82      0      0      0      0      0      0      0      0      0
       0      3      6      0      0]
 [     4      0      0      2      0      0      0      0      0      0
       0      3      0      0      0]
 [    39      0      0      0      0      0      0      0      0      0
       0      1      0      0      0]]