mlp  split 80/20

                            precision    recall  f1-score   support

                    BENIGN     0.9972    0.9981    0.9977     66764
                       Bot     0.9355    0.4754    0.6304        61
                      DDoS     0.9987    0.9982    0.9985      3979
             DoS GoldenEye     0.9576    0.9875    0.9723       320
                  DoS Hulk     0.9918    0.9899    0.9909      5372
          DoS Slowhttptest     0.8827    0.9753    0.9267       162
             DoS slowloris     0.9817    0.9641    0.9728       167
               FTP-Patator     0.9838    0.9891    0.9864       184
                Heartbleed     1.0000    1.0000    1.0000         2
              Infiltration     0.5714    0.5714    0.5714         7
                  PortScan     0.9856    0.9961    0.9908      2823
               SSH-Patator     0.9688    0.9300    0.9490       100
  Web Attack - Brute Force     0.7500    0.0652    0.1200        46
Web Attack - Sql Injection     0.0000    0.0000    0.0000         4
          Web Attack - XSS     1.0000    0.0500    0.0952        20

                  accuracy                         0.9960     80011
                 macro avg     0.8670    0.7327    0.7468     80011
              weighted avg     0.9958    0.9960    0.9955     80011


Confusion matrix (rows = true, cols = predicted)
[[66636     2     5    12    42    18     2     2     0     3    40     2
      0     0     0]
 [   32    29     0     0     0     0     0     0     0     0     0     0
      0     0     0]
 [    5     0  3972     0     1     0     0     0     0     0     1     0
      0     0     0]
 [    4     0     0   316     0     0     0     0     0     0     0     0
      0     0     0]
 [   54     0     0     0  5318     0     0     0     0     0     0     0
      0     0     0]
 [    2     0     0     1     0   158     1     0     0     0     0     0
      0     0     0]
 [    2     0     0     0     0     3   161     1     0     0     0     0
      0     0     0]
 [    2     0     0     0     0     0     0   182     0     0     0     0
      0     0     0]
 [    0     0     0     0     0     0     0     0     2     0     0     0
      0     0     0]
 [    3     0     0     0     0     0     0     0     0     4     0     0
      0     0     0]
 [   10     0     0     0     1     0     0     0     0     0  2812     0
      0     0     0]
 [    6     0     0     0     0     0     0     0     0     0     0    93
      1     0     0]
 [   43     0     0     0     0     0     0     0     0     0     0     0
      3     0     0]
 [    2     0     0     1     0     0     0     0     0     0     0     1
      0     0     0]
 [   19     0     0     0     0     0     0     0     0     0     0     0
      0     0     1]]