mlp  split 60/40

                            precision    recall  f1-score   support

                    BENIGN     0.9864    0.9909    0.9887     33383
                       Bot     0.8000    0.1290    0.2222        31
                      DDoS     0.9955    0.9920    0.9937      1989
             DoS GoldenEye     0.9804    0.9375    0.9585       160
                  DoS Hulk     0.9788    0.9471    0.9627      2686
          DoS Slowhttptest     0.8681    0.9753    0.9186        81
             DoS slowloris     0.9589    0.8333    0.8917        84
               FTP-Patator     0.9574    0.9783    0.9677        92
                Heartbleed     1.0000    1.0000    1.0000         4
              Infiltration     0.6429    0.6429    0.6429        14
                  PortScan     0.8488    0.8675    0.8580      1411
               SSH-Patator     1.0000    0.8600    0.9247        50
  Web Attack - Brute Force     0.0000    0.0000    0.0000        23
Web Attack - Sql Injection     0.0000    0.0000    0.0000         8
          Web Attack - XSS     0.0000    0.0000    0.0000        20

                  accuracy                         0.9809     40036
                 macro avg     0.7345    0.6769    0.6886     40036
              weighted avg     0.9796    0.9809    0.9800     40036


Confusion matrix (rows = true, cols = predicted)
[[33080     1     8     3    55     8     2     3     0     5   217     0
      0     1     0]
 [   27     4     0     0     0     0     0     0     0     0     0     0
      0     0     0]
 [   15     0  1973     0     0     0     0     0     0     0     1     0
      0     0     0]
 [   10     0     0   150     0     0     0     0     0     0     0     0
      0     0     0]
 [  142     0     0     0  2544     0     0     0     0     0     0     0
      0     0     0]
 [    2     0     0     0     0    79     0     0     0     0     0     0
      0     0     0]
 [   10     0     0     0     0     4    70     0     0     0     0     0
      0     0     0]
 [    1     0     0     0     0     0     1    90     0     0     0     0
      0     0     0]
 [    0     0     0     0     0     0     0     0     4     0     0     0
      0     0     0]
 [    5     0     0     0     0     0     0     0     0     9     0     0
      0     0     0]
 [  186     0     1     0     0     0     0     0     0     0  1224     0
      0     0     0]
 [    6     0     0     0     0     0     0     1     0     0     0    43
      0     0     0]
 [   23     0     0     0     0     0     0     0     0     0     0     0
      0     0     0]
 [    8     0     0     0     0     0     0     0     0     0     0     0
      0     0     0]
 [   20     0     0     0     0     0     0     0     0     0     0     0
      0     0     0]]