mlp  split 40/60

                            precision    recall  f1-score   support

                    BENIGN     0.9894    0.9913    0.9903    200293
                       Bot     0.5854    0.6593    0.6202       182
                      DDoS     0.9950    0.9988    0.9969     11936
             DoS GoldenEye     0.9510    0.9708    0.9608       959
                  DoS Hulk     0.9879    0.9553    0.9713     16116
          DoS Slowhttptest     0.8533    0.9795    0.9120       487
             DoS slowloris     0.9565    0.8782    0.9157       501
               FTP-Patator     0.9380    0.9855    0.9612       553
                Heartbleed     1.0000    0.8571    0.9231         7
              Infiltration     0.9091    0.4545    0.6061        22
                  PortScan     0.8530    0.8774    0.8651      8468
               SSH-Patator     1.0000    0.9067    0.9510       300
  Web Attack - Brute Force     0.0000    0.0000    0.0000       137
Web Attack - Sql Injection     0.0000    0.0000    0.0000        12
          Web Attack - XSS     0.4286    0.0500    0.0896        60

                  accuracy                         0.9836    240033
                 macro avg     0.7631    0.7043    0.7175    240033
              weighted avg     0.9831    0.9836    0.9833    240033


Confusion matrix (rows = true, cols = predicted)
[[198546     85     57     39    186     63      9     27      0      1
    1280      0      0      0      0]
 [    62    120      0      0      0      0      0      0      0      0
       0      0      0      0      0]
 [    12      0  11922      2      0      0      0      0      0      0
       0      0      0      0      0]
 [    28      0      0    931      0      0      0      0      0      0
       0      0      0      0      0]
 [   717      0      0      4  15395      0      0      0      0      0
       0      0      0      0      0]
 [     7      0      0      0      0    477      3      0      0      0
       0      0      0      0      0]
 [    33      0      0      0      0     19    440      9      0      0
       0      0      0      0      0]
 [     8      0      0      0      0      0      0    545      0      0
       0      0      0      0      0]
 [     1      0      0      0      0      0      0      0      6      0
       0      0      0      0      0]
 [    11      0      0      1      0      0      0      0      0     10
       0      0      0      0      0]
 [  1024      0      3      0      3      0      8      0      0      0
    7430      0      0      0      0]
 [    28      0      0      0      0      0      0      0      0      0
       0    272      0      0      0]
 [   133      0      0      0      0      0      0      0      0      0
       0      0      0      0      4]
 [    10      0      0      2      0      0      0      0      0      0
       0      0      0      0      0]
 [    57      0      0      0      0      0      0      0      0      0
       0      0      0      0      3]]