mlp  split 80/20

                            precision    recall  f1-score   support

                    BENIGN     0.9976    0.9989    0.9983    429639
                       Bot     0.9610    0.3785    0.5431       391
                      DDoS     0.9986    0.9993    0.9990     25603
             DoS GoldenEye     0.9810    0.9810    0.9810      2056
                  DoS Hulk     0.9985    0.9923    0.9954     34570
          DoS Slowhttptest     0.8846    0.9751    0.9277      1046
             DoS slowloris     0.9672    0.9879    0.9775      1075
               FTP-Patator     0.9957    0.9832    0.9894      1187
                Heartbleed     1.0000    1.0000    1.0000         2
              Infiltration     1.0000    0.1429    0.2500         7
                  PortScan     0.9894    0.9988    0.9941     18164
               SSH-Patator     0.9838    0.9410    0.9619       644
  Web Attack - Brute Force     0.8214    0.0782    0.1429       294
Web Attack - Sql Injection     0.0000    0.0000    0.0000         4
          Web Attack - XSS     1.0000    0.0154    0.0303       130

                  accuracy                         0.9970    514812
                 macro avg     0.9053    0.6982    0.7194    514812
              weighted avg     0.9969    0.9970    0.9965    514812


Confusion matrix (rows = true, cols = predicted)
[[429177      6     32     31     42    125     15      3      0      0
     195      8      5      0      0]
 [   243    148      0      0      0      0      0      0      0      0
       0      0      0      0      0]
 [    15      0  25585      3      0      0      0      0      0      0
       0      0      0      0      0]
 [    37      0      0   2017      0      2      0      0      0      0
       0      0      0      0      0]
 [   263      0      3      1  34303      0      0      0      0      0
       0      0      0      0      0]
 [    12      0      0      2      0   1020     12      0      0      0
       0      0      0      0      0]
 [     6      0      0      1      0      6   1062      0      0      0
       0      0      0      0      0]
 [     9      0      0      0      0      0      9   1167      0      0
       0      2      0      0      0]
 [     0      0      0      0      0      0      0      0      2      0
       0      0      0      0      0]
 [     6      0      0      0      0      0      0      0      0      1
       0      0      0      0      0]
 [    11      0      0      0     11      0      0      0      0      0
   18142      0      0      0      0]
 [    36      0      0      0      0      0      0      2      0      0
       0    606      0      0      0]
 [   271      0      0      0      0      0      0      0      0      0
       0      0     23      0      0]
 [     3      0      0      1      0      0      0      0      0      0
       0      0      0      0      0]
 [   128      0      0      0      0      0      0      0      0      0
       0      0      0      0      2]]