naive_bayes  split 60/40

                            precision    recall  f1-score   support

                    BENIGN     0.9995    0.6614    0.7961    133529
                       Bot     0.0036    1.0000    0.0072       121
                      DDoS     0.9499    0.9774    0.9635      7957
             DoS GoldenEye     0.1717    0.9468    0.2907       639
                  DoS Hulk     0.8827    0.9346    0.9079     10744
          DoS Slowhttptest     0.1263    0.7938    0.2179       325
             DoS slowloris     0.0534    0.6138    0.0982       334
               FTP-Patator     0.7069    1.0000    0.8283       369
                Heartbleed     1.0000    1.0000    1.0000         5
              Infiltration     0.0064    0.7857    0.0126        14
                  PortScan     0.9736    0.9809    0.9772      5645
               SSH-Patator     0.3507    0.9100    0.5063       200
  Web Attack - Brute Force     0.0016    0.0110    0.0028        91
Web Attack - Sql Injection     0.0625    0.8889    0.1168         9
          Web Attack - XSS     0.2639    0.9500    0.4130        40

                  accuracy                         0.7091    160022
                 macro avg     0.4368    0.8303    0.4759    160022
              weighted avg     0.9781    0.7091    0.8121    160022


Confusion matrix (rows = true, cols = predicted)
[[88321 32350   408  2784  1325  1769  3553   153     0  1718   150   337
    605    36    20]
 [    0   121     0     0     0     0     0     0     0     0     0     0
      0     0     0]
 [    5   161  7777     1     8     4     0     0     0     0     0     0
      1     0     0]
 [    0     3     0   605     0     4     0     0     0     0     0     0
      0    27     0]
 [   19   591     0    28 10041     0    31     0     0     0     0     0
      1    33     0]
 [    0     0     0     1     0   258    53     0     0     0     0     0
      6     6     1]
 [    2     1     0   104     1     8   205     0     0     0     0     0
      0    10     3]
 [    0     0     0     0     0     0     0   369     0     0     0     0
      0     0     0]
 [    0     0     0     0     0     0     0     0     5     0     0     0
      0     0     0]
 [    3     0     0     0     0     0     0     0     0    11     0     0
      0     0     0]
 [   14    86     2     0     0     0     0     0     0     0  5537     0
      5     0     1]
 [    0    18     0     0     0     0     0     0     0     0     0   182
      0     0     0]
 [    0     3     0     0     0     0     0     0     0     0     0     0
      1     7    80]
 [    0     0     0     0     0     0     0     0     0     0     0     0
      0     8     1]
 [    0     1     0     0     0     0     0     0     0     0     0     0
      0     1    38]]