naive_bayes  split 60/40

                            precision    recall  f1-score   support

                    BENIGN     0.9995    0.6751    0.8059    859279
                       Bot     0.0039    0.9962    0.0077       781
                      DDoS     0.8328    0.9516    0.8882     51206
             DoS GoldenEye     0.1624    0.9387    0.2769      4113
                  DoS Hulk     0.8665    0.9338    0.8989     69140
          DoS Slowhttptest     0.1282    0.6404    0.2137      2091
             DoS slowloris     0.0559    0.6251    0.1026      2150
               FTP-Patator     0.6980    0.9937    0.8200      2373
                Heartbleed     1.0000    0.5000    0.6667         4
              Infiltration     0.0060    0.7143    0.0119        14
                  PortScan     0.9667    0.9842    0.9754     36328
               SSH-Patator     0.3639    0.9278    0.5227      1288
  Web Attack - Brute Force     0.0050    0.0799    0.0094       588
Web Attack - Sql Injection     0.0090    1.0000    0.0178         8
          Web Attack - XSS     0.2176    0.9272    0.3525       261

                  accuracy                         0.7190   1029624
                 macro avg     0.4210    0.7925    0.4380   1029624
              weighted avg     0.9710    0.7190    0.8159   1029624


Confusion matrix (rows = true, cols = predicted)
[[580108 197422   9756  18622   9905   9002  21832   1015      0   1661
    1232   2089   5952    314    369]
 [     3    778      0      0      0      0      0      0      0      0
       0      0      0      0      0]
 [    25   2291  48727     99     40     18      0      0      0      0
       0      0      6      0      0]
 [     2     30      0   3861      1     12      4      0      0      0
       0      0      9    194      0]
 [   108    266      0    516  64564      0    245      0      0      0
       0      0   3221    219      1]
 [     3      0      0     10      1   1339    613      0      0      0
       0      0     73     51      1]
 [     2      7      0    656      0     70   1344      0      0      0
       0      0      8     58      5]
 [     7      4      4      0      0      0      0   2358      0      0
       0      0      0      0      0]
 [     2      0      0      0      0      0      0      0      2      0
       0      0      0      0      0]
 [     2      2      0      0      0      0      0      0      0     10
       0      0      0      0      0]
 [   118    349     22     10      0      2      0      0      0      0
   35753      0     70      0      4]
 [     4     84      0      0      0      0      0      5      0      0
       0   1195      0      0      0]
 [     0      3      0      1      0      0      0      0      0      0
       0      0     47     47    490]
 [     0      0      0      0      0      0      0      0      0      0
       0      0      0      8      0]
 [     8      3      0      2      0      0      0      0      0      0
       0      0      6      0    242]]