naive_bayes  split 60/40

                            precision    recall  f1-score   support

                    BENIGN     0.9993    0.6958    0.8204     33383
                       Bot     0.0036    1.0000    0.0071        31
                      DDoS     0.9499    0.9723    0.9610      1989
             DoS GoldenEye     0.1605    0.8938    0.2721       160
                  DoS Hulk     0.8775    0.9334    0.9046      2686
          DoS Slowhttptest     0.1150    0.6543    0.1956        81
             DoS slowloris     0.0567    0.6071    0.1038        84
               FTP-Patator     0.6917    1.0000    0.8178        92
                Heartbleed     1.0000    1.0000    1.0000         4
              Infiltration     0.0283    0.9286    0.0549        14
                  PortScan     0.5294    0.0510    0.0931      1411
               SSH-Patator     0.3577    0.8800    0.5087        50
  Web Attack - Brute Force     0.0000    0.0000    0.0000        23
Web Attack - Sql Injection     0.0426    0.2500    0.0727         8
          Web Attack - XSS     0.4878    1.0000    0.6557        20

                  accuracy                         0.7042     40036
                 macro avg     0.4200    0.7244    0.4312     40036
              weighted avg     0.9613    0.7042    0.8005     40036


Confusion matrix (rows = true, cols = predicted)
[[23229  7102   101   710   346   403   810    40     0   447    64    79
     40    12     0]
 [    0    31     0     0     0     0     0     0     0     0     0     0
      0     0     0]
 [    1    51  1934     0     2     1     0     0     0     0     0     0
      0     0     0]
 [    1     3     0   143     1     0     0     0     0     0     0     0
      0    12     0]
 [    8   129     0    13  2507     0    13     0     0     0     0     0
      0    16     0]
 [    0     0     0     0     1    53    25     0     0     0     0     0
      1     1     0]
 [    0     0     0    24     0     4    51     0     0     0     0     0
      0     4     1]
 [    0     0     0     0     0     0     0    92     0     0     0     0
      0     0     0]
 [    0     0     0     0     0     0     0     0     4     0     0     0
      0     0     0]
 [    1     0     0     0     0     0     0     0     0    13     0     0
      0     0     0]
 [    6  1331     1     1     0     0     0     0     0     0    72     0
      0     0     0]
 [    0     5     0     0     0     0     0     1     0     0     0    44
      0     0     0]
 [    0     3     0     0     0     0     0     0     0     0     0     0
      0     0    20]
 [    0     6     0     0     0     0     0     0     0     0     0     0
      0     2     0]
 [    0     0     0     0     0     0     0     0     0     0     0     0
      0     0    20]]