naive_bayes  split 40/60

                            precision    recall  f1-score   support

                    BENIGN     0.9995    0.6856    0.8133    200293
                       Bot     0.0039    1.0000    0.0078       182
                      DDoS     0.9489    0.9765    0.9625     11936
             DoS GoldenEye     0.1876    0.9322    0.3123       959
                  DoS Hulk     0.8904    0.9353    0.9123     16116
          DoS Slowhttptest     0.0797    0.7372    0.1439       487
             DoS slowloris     0.0737    0.5988    0.1312       501
               FTP-Patator     0.7079    0.9946    0.8271       553
                Heartbleed     1.0000    0.8571    0.9231         7
              Infiltration     0.0078    0.7727    0.0155        22
                  PortScan     0.9678    0.9818    0.9747      8468
               SSH-Patator     0.3726    0.9167    0.5299       300
  Web Attack - Brute Force     0.0000    0.0000    0.0000       137
Web Attack - Sql Injection     0.0576    0.9167    0.1084        12
          Web Attack - XSS     0.2266    0.9667    0.3671        60

                  accuracy                         0.7291    240033
                 macro avg     0.4349    0.8181    0.4686    240033
              weighted avg     0.9783    0.7291    0.8267    240033


Confusion matrix (rows = true, cols = predicted)
[[137324  44924    624   3651   1836   4119   3629    227      0   2159
     277    463    955     58     47]
 [     0    182      0      0      0      0      0      0      0      0
       0      0      0      0      0]
 [    10    245  11655      3     19      3      0      0      0      0
       0      0      1      0      0]
 [     4      8      0    894      0      6      0      0      0      0
       0      0      0     37     10]
 [    29    862      0     58  15074      0     44      0      0      0
       0      0      5     42      2]
 [     2      0      0      3      0    359     99      0      0      0
       0      0      0     11     13]
 [     3      2      0    157      1     17    300      0      0      0
       0      0      0     18      3]
 [     2      1      0      0      0      0      0    550      0      0
       0      0      0      0      0]
 [     1      0      0      0      0      0      0      0      6      0
       0      0      0      0      0]
 [     5      0      0      0      0      0      0      0      0     17
       0      0      0      0      0]
 [    19    121      4      0      0      0      0      0      0      0
    8314      0      7      0      3]
 [     0     25      0      0      0      0      0      0      0      0
       0    275      0      0      0]
 [     0      5      0      0      0      0      0      0      0      0
       0      0      0     13    119]
 [     0      0      0      0      0      0      0      0      0      0
       0      0      0     11      1]
 [     0      1      0      0      0      0      0      0      0      0
       0      0      0      1     58]]