naive_bayes  split 80/20

                            precision    recall  f1-score   support

                    BENIGN     0.9996    0.6693    0.8018    429639
                       Bot     0.0037    1.0000    0.0074       391
                      DDoS     0.8902    0.9483    0.9183     25603
             DoS GoldenEye     0.1709    0.9416    0.2892      2056
                  DoS Hulk     0.8667    0.9326    0.8985     34570
          DoS Slowhttptest     0.1550    0.6348    0.2492      1046
             DoS slowloris     0.0566    0.6074    0.1036      1075
               FTP-Patator     0.7012    0.9924    0.8218      1187
                Heartbleed     1.0000    0.5000    0.6667         2
              Infiltration     0.0020    0.7143    0.0039         7
                  PortScan     0.9701    0.9835    0.9768     18164
               SSH-Patator     0.3664    0.9224    0.5245       644
  Web Attack - Brute Force     0.0036    0.0578    0.0068       294
Web Attack - Sql Injection     0.0094    1.0000    0.0186         4
          Web Attack - XSS     0.1907    0.9154    0.3156       130

                  accuracy                         0.7139    514812
                 macro avg     0.4257    0.7880    0.4402    514812
              weighted avg     0.9741    0.7139    0.8141    514812


Confusion matrix (rows = true, cols = predicted)
[[287559 103398   2982   8744   4941   3556  10447    499      0   2547
     551   1027   2988    153    247]
 [     0    391      0      0      0      0      0      0      0      0
       0      0      0      0      0]
 [    10   1272  24279     15     13     11      0      0      0      0
       0      0      3      0      0]
 [     2     16      0   1936      0      7      2      0      0      0
       0      0      6     87      0]
 [    52    141      0    287  32240      0    122      0      0      0
       0      0   1626    102      0]
 [     1      0      0      6      0    664    311      0      0      0
       0      0     36     28      0]
 [     0      2      0    338      0     43    653      0      0      0
       0      0      3     32      4]
 [     5      3      1      0      0      0      0   1178      0      0
       0      0      0      0      0]
 [     1      0      0      0      0      0      0      0      1      0
       0      0      0      0      0]
 [     1      1      0      0      0      0      0      0      0      5
       0      0      0      0      0]
 [    49    194     11      4      4      2      0      0      0      0
   17865      0     34      0      1]
 [     0     47      0      0      0      0      0      3      0      0
       0    594      0      0      0]
 [     0      3      0      1      0      0      0      0      0      0
       0      0     17     20    253]
 [     0      0      0      0      0      0      0      0      0      0
       0      0      0      4      0]
 [     5      1      0      0      0      0      0      0      0      0
       0      0      5      0    119]]