naive_bayes  split 80/20

                            precision    recall  f1-score   support

                    BENIGN     0.9994    0.6643    0.7981     66764
                       Bot     0.0037    1.0000    0.0074        61
                      DDoS     0.9509    0.9774    0.9639      3979
             DoS GoldenEye     0.1770    0.9594    0.2989       320
                  DoS Hulk     0.8894    0.9324    0.9104      5372
          DoS Slowhttptest     0.1217    0.7963    0.2111       162
             DoS slowloris     0.0547    0.6228    0.1005       167
               FTP-Patator     0.7050    1.0000    0.8270       184
                Heartbleed     1.0000    1.0000    1.0000         2
              Infiltration     0.0064    0.8571    0.0126         7
                  PortScan     0.9731    0.9855    0.9792      2823
               SSH-Patator     0.3370    0.9100    0.4919       100
  Web Attack - Brute Force     0.1076    0.8261    0.1905        46
Web Attack - Sql Injection     0.0625    1.0000    0.1176         4
          Web Attack - XSS     0.0118    0.0500    0.0190        20

                  accuracy                         0.7119     80011
                 macro avg     0.4267    0.8387    0.4619     80011
              weighted avg     0.9784    0.7119    0.8140     80011


Confusion matrix (rows = true, cols = predicted)
[[44349 15900   200  1354   618   924  1759    77     0   936    77   179
    287    22    82]
 [    0    61     0     0     0     0     0     0     0     0     0     0
      0     0     0]
 [    2    81  3889     0     5     2     0     0     0     0     0     0
      0     0     0]
 [    0     1     0   307     0     3     0     0     0     0     0     0
      0     9     0]
 [   16   298     0    18  5009     0    14     0     0     0     0     0
      0    17     0]
 [    0     0     0     1     0   129    25     0     0     0     0     0
      4     3     0]
 [    0     0     0    54     0     2   104     0     0     0     0     0
      2     5     0]
 [    0     0     0     0     0     0     0   184     0     0     0     0
      0     0     0]
 [    0     0     0     0     0     0     0     0     2     0     0     0
      0     0     0]
 [    1     0     0     0     0     0     0     0     0     6     0     0
      0     0     0]
 [    9    27     1     0     0     0     0     0     0     0  2782     0
      4     0     0]
 [    0     9     0     0     0     0     0     0     0     0     0    91
      0     0     0]
 [    0     2     0     0     0     0     0     0     0     0     0     0
     38     4     2]
 [    0     0     0     0     0     0     0     0     0     0     0     0
      0     4     0]
 [    0     1     0     0     0     0     0     0     0     0     0     0
     18     0     1]]