qda  split 60/40

                            precision    recall  f1-score   support

                    BENIGN     0.9982    0.5430    0.7034     33383
                       Bot     0.0022    0.6129    0.0045        31
                      DDoS     0.7801    0.6440    0.7056      1989
             DoS GoldenEye     0.2523    0.1750    0.2066       160
                  DoS Hulk     0.7689    0.8634    0.8134      2686
          DoS Slowhttptest     0.2769    0.8889    0.4223        81
             DoS slowloris     0.1061    0.5357    0.1772        84
               FTP-Patator     0.0015    0.0109    0.0026        92
                Heartbleed     1.0000    1.0000    1.0000         4
              Infiltration     0.0272    0.3571    0.0505        14
                  PortScan     0.5626    0.9816    0.7152      1411
               SSH-Patator     0.0411    0.9600    0.0788        50
  Web Attack - Brute Force     0.0475    0.8696    0.0901        23
Web Attack - Sql Injection     0.0007    0.2500    0.0014         8
          Web Attack - XSS     0.0000    0.0000    0.0000        20

                  accuracy                         0.5834     40036
                 macro avg     0.3244    0.5795    0.3314     40036
              weighted avg     0.9445    0.5834    0.7037     40036


Confusion matrix (rows = true, cols = predicted)
[[18128  7620   146    83   647   178   375   673     0   178  1043  1015
    376  2707   214]
 [    1    19     0     0     0     0     0     0     0     0    10     1
      0     0     0]
 [    0   671  1281     0    36     0     0     0     0     1     0     0
      0     0     0]
 [    6     5    29    28    11     3     1     0     0     0     0     0
      0    77     0]
 [   12   123   184     0  2319     0     0     3     0     0     0     0
      0    45     0]
 [    4     0     0     0     0    72     1     0     0     0     0     0
      0     3     1]
 [    2     4     0     0     3     4    45     1     0     0    24     0
      1     0     0]
 [    0     0     0     0     0     0     0     1     0     0     0    91
      0     0     0]
 [    0     0     0     0     0     0     0     0     4     0     0     0
      0     0     0]
 [    4     0     0     0     0     3     2     0     0     5     0     0
      0     0     0]
 [    3    10     2     0     0     0     0     0     0     0  1385     7
      4     0     0]
 [    1     1     0     0     0     0     0     0     0     0     0    48
      0     0     0]
 [    0     1     0     0     0     0     0     0     0     0     0     2
     20     0     0]
 [    0     1     0     0     0     0     0     0     0     0     0     5
      0     2     0]
 [    0     0     0     0     0     0     0     0     0     0     0     0
     20     0     0]]