qda  split 40/60

                            precision    recall  f1-score   support

                    BENIGN     0.9987    0.5450    0.7052    200293
                       Bot     0.0028    0.2253    0.0056       182
                      DDoS     0.7931    0.7350    0.7629     11936
             DoS GoldenEye     0.3427    0.2294    0.2748       959
                  DoS Hulk     0.7578    0.8826    0.8155     16116
          DoS Slowhttptest     0.2455    0.8070    0.3764       487
             DoS slowloris     0.1148    0.5529    0.1902       501
               FTP-Patator     0.0120    0.3020    0.0232       553
                Heartbleed     1.0000    0.8571    0.9231         7
              Infiltration     0.0078    0.3182    0.0152        22
                  PortScan     0.3431    0.9869    0.5091      8468
               SSH-Patator     0.0605    0.9867    0.1141       300
  Web Attack - Brute Force     0.0258    0.8540    0.0501       137
Web Attack - Sql Injection     0.0002    0.5833    0.0004        12
          Web Attack - XSS     0.0039    0.0500    0.0073        60

                  accuracy                         0.5918    240033
                 macro avg     0.3139    0.5944    0.3182    240033
              weighted avg     0.9380    0.5918    0.7016    240033


Confusion matrix (rows = true, cols = predicted)
[[109154  14461   1163    420   4043   1178   2086  13682      0    885
   15325   4558   4251  28344    743]
 [     0     41      0      0      0      0      0      0      0      1
     118      9      8      5      0]
 [     2      2   8773      0    201      0      0      0      0      6
       0      0      0   2952      0]
 [    42      0    151    220    299     12      8      0      0      0
       0      0      0    212     15]
 [    39      3    971      0  14224      0      4      6      0      0
       0      0      0    868      1]
 [    32      0      0      0      0    393     27      0      0      0
       1      0     13     21      0]
 [    11      0      0      0      2     15    277     15      0      0
     174      0      3      4      0]
 [     0      0      0      0      0      0      0    167      0      0
     384      1      0      1      0]
 [     0      0      0      1      0      0      0      0      6      0
       0      0      0      0      0]
 [     7      0      0      1      0      3      2      0      0      7
       1      0      0      1      0]
 [     8      0      4      0      0      0      8      0      0      0
    8357      1     85      5      0]
 [     1      0      0      0      0      0      0      0      0      0
       0    296      0      3      0]
 [     0      0      0      0      0      0      0      0      0      0
       0     18    117      1      1]
 [     0      0      0      0      0      0      0      0      0      0
       0      5      0      7      0]
 [     0      0      0      0      0      0      0      0      0      0
       0      1     55      1      3]]