qda  split 80/20

                            precision    recall  f1-score   support

                    BENIGN     0.9988    0.5012    0.6675    429639
                       Bot     0.0023    0.2072    0.0045       391
                      DDoS     0.7435    0.6241    0.6786     25603
             DoS GoldenEye     0.3376    0.2296    0.2733      2056
                  DoS Hulk     0.7602    0.8723    0.8124     34570
          DoS Slowhttptest     0.2323    0.7887    0.3589      1046
             DoS slowloris     0.1080    0.5479    0.1804      1075
               FTP-Patator     0.0201    0.3277    0.0379      1187
                Heartbleed     1.0000    1.0000    1.0000         2
              Infiltration     0.0013    0.2857    0.0025         7
                  PortScan     0.2391    0.9855    0.3848     18164
               SSH-Patator     0.0424    0.9891    0.0813       644
  Web Attack - Brute Force     0.0025    0.0374    0.0047       294
Web Attack - Sql Injection     0.0001    0.7500    0.0001         4
          Web Attack - XSS     0.0038    0.9846    0.0076       130

                  accuracy                         0.5488    514812
                 macro avg     0.2995    0.6087    0.2996    514812
              weighted avg     0.9322    0.5488    0.6613    514812


Confusion matrix (rows = true, cols = predicted)
[[215332  35906   2696    924   8587   2657   4787  18916      0   1581
   56354  13495   4236  42136  22032]
 [     0     81      0      0      0      0      0      2      0      0
     245     24     16     22      1]
 [     5      2  15979      1    480      0      4      0      0      1
       2      0      0      0   9129]
 [    61      0    353    472    440     25      9      0      0      0
       0     22      0    644     30]
 [    67      7   2449      1  30156      0      9     11      0      1
       0     27      0     70   1772]
 [    68      0      0      0      0    825     44      0      0      1
       4      3     27     65      9]
 [    27      0      0      0      6     43    589     21      0      0
     365      2      0     16      6]
 [     2      0      0      0      0      0      0    389      0      2
       6    787      0      0      1]
 [     0      0      0      0      0      0      0      0      2      0
       0      0      0      0      0]
 [     1      0      0      0      1      1      1      0      0      2
       0      0      0      0      1]
 [    22      0     14      0      0      0     11      0      0      0
   17901      1    106      1    108]
 [     0      0      0      0      0      0      0      3      0      0
       3    637      0      0      1]
 [     0      0      0      0      0      0      0      0      0      0
       0     28     11      2    253]
 [     0      0      0      0      0      0      0      0      0      0
       0      1      0      3      0]
 [     0      0      0      0      0      0      0      0      0      0
       0      1      0      1    128]]