qda  split 80/20

                            precision    recall  f1-score   support

                    BENIGN     0.9983    0.3187    0.4832     66764
                       Bot     0.0005    0.1967    0.0010        61
                      DDoS     0.7550    0.6250    0.6839      3979
             DoS GoldenEye     0.3243    0.2250    0.2657       320
                  DoS Hulk     0.7591    0.8680    0.8099      5372
          DoS Slowhttptest     0.2622    0.8642    0.4023       162
             DoS slowloris     0.1124    0.5749    0.1881       167
               FTP-Patator     0.0257    0.2989    0.0474       184
                Heartbleed     1.0000    1.0000    1.0000         2
              Infiltration     0.0174    0.5714    0.0338         7
                  PortScan     0.3807    0.9872    0.5495      2823
               SSH-Patator     0.0539    0.9900    0.1022       100
  Web Attack - Brute Force     0.0235    0.8478    0.0458        46
Web Attack - Sql Injection     0.0003    0.7500    0.0006         4
          Web Attack - XSS     0.0041    0.0500    0.0077        20

                  accuracy                         0.3967     80011
                 macro avg     0.3145    0.6112    0.3081     80011
              weighted avg     0.9372    0.3967    0.5135     80011


Confusion matrix (rows = true, cols = predicted)
[[21280 23739   386   150  1365   385   742  2079     0   224  4303  1730
   1564  8578   239]
 [    0    12     0     0     0     0     0     0     0     1    43     2
      2     1     0]
 [    1   665  2487     0    63     0     1     0     0     1     0     0
      0   761     0]
 [   10     1    41    72    50     6     3     0     0     0     0     0
      0   137     0]
 [   10     4   379     0  4663     0     2     1     0     0     0     0
      0   313     0]
 [    7     0     0     0     0   140     7     0     0     0     0     0
      4     4     0]
 [    3     0     0     0     2     3    96     2     0     0    59     0
      2     0     0]
 [    0     0     0     0     0     0     0    55     0     0   129     0
      0     0     0]
 [    0     0     0     0     0     0     0     0     2     0     0     0
      0     0     0]
 [    2     0     0     0     0     0     1     0     0     4     0     0
      0     0     0]
 [    4     0     1     0     0     0     2     0     0     0  2787     0
     28     1     0]
 [    0     0     0     0     0     0     0     0     0     0     0    99
      0     1     0]
 [    0     0     0     0     0     0     0     0     0     0     0     6
     39     0     1]
 [    0     0     0     0     0     0     0     0     0     0     0     1
      0     3     0]
 [    0     0     0     0     0     0     0     0     0     0     0     0
     18     1     1]]