qda  split 60/40

                            precision    recall  f1-score   support

                    BENIGN     0.9977    0.2817    0.4394    133529
                       Bot     0.0005    0.2479    0.0010       121
                      DDoS     0.7725    0.6301    0.6941      7957
             DoS GoldenEye     0.3671    0.2379    0.2887       639
                  DoS Hulk     0.7480    0.8791    0.8083     10744
          DoS Slowhttptest     0.2572    0.8554    0.3954       325
             DoS slowloris     0.1102    0.5719    0.1848       334
               FTP-Patator     0.0259    0.2981    0.0477       369
                Heartbleed     1.0000    1.0000    1.0000         5
              Infiltration     0.0094    0.2857    0.0182        14
                  PortScan     0.4370    0.9842    0.6053      5645
               SSH-Patator     0.0566    0.9850    0.1071       200
  Web Attack - Brute Force     0.0012    0.0330    0.0023        91
Web Attack - Sql Injection     0.0004    0.5556    0.0008         9
          Web Attack - XSS     0.0362    0.9500    0.0698        40

                  accuracy                         0.3665    160022
                 macro avg     0.3213    0.5864    0.3109    160022
              weighted avg     0.9390    0.3665    0.4794    160022


Confusion matrix (rows = true, cols = predicted)
[[37617 59417   721   261  2836   779  1516  4125     0   419  6705  3258
   2467 12508   900]
 [    0    30     0     0     0     0     0     0     0     2    78     8
      2     1     0]
 [    3  2801  5014     0   135     0     3     0     0     1     0     0
      0     0     0]
 [   24    10    88   152   210    11     4     0     0     0     0     0
      0   138     2]
 [   25   594   666     0  9445     0     1     3     0     0     0     0
      0    10     0]
 [   17     0     0     0     0   278    10     0     0     0     0     0
      3    13     4]
 [    7     0     0     0     1    12   191     5     0     0   114     0
      0     1     3]
 [    0     0     0     0     0     0     0   110     0     0   259     0
      0     0     0]
 [    0     0     0     0     0     0     0     0     5     0     0     0
      0     0     0]
 [    4     1     0     1     0     1     2     0     0     4     1     0
      0     0     0]
 [    5    19     2     0     0     0     6     0     0     0  5556     1
     30     1    25]
 [    1     2     0     0     0     0     0     0     0     0     0   197
      0     0     0]
 [    0     0     0     0     0     0     0     0     0     0     0    10
      3     1    77]
 [    0     0     0     0     0     0     0     0     0     0     0     4
      0     5     0]
 [    0     1     0     0     0     0     0     0     0     0     0     1
      0     0    38]]