random_forest  split 60/40

                            precision    recall  f1-score   support

                    BENIGN     0.9972    0.9990    0.9981     33383
                       Bot     0.4000    0.2581    0.3137        31
                      DDoS     1.0000    0.9995    0.9997      1989
             DoS GoldenEye     1.0000    0.9625    0.9809       160
                  DoS Hulk     0.9978    0.9926    0.9951      2686
          DoS Slowhttptest     0.9634    0.9753    0.9693        81
             DoS slowloris     0.9875    0.9405    0.9634        84
               FTP-Patator     1.0000    1.0000    1.0000        92
                Heartbleed     1.0000    1.0000    1.0000         4
              Infiltration     1.0000    0.9286    0.9630        14
                  PortScan     0.9885    0.9787    0.9836      1411
               SSH-Patator     0.9778    0.8800    0.9263        50
  Web Attack - Brute Force     0.5000    0.4783    0.4889        23
Web Attack - Sql Injection     1.0000    0.3750    0.5455         8
          Web Attack - XSS     0.4737    0.4500    0.4615        20

                  accuracy                         0.9962     40036
                 macro avg     0.8857    0.8145    0.8393     40036
              weighted avg     0.9960    0.9962    0.9960     40036


Confusion matrix (rows = true, cols = predicted)
[[33351    12     0     0     2     1     1     0     0     0    16     0
      0     0     0]
 [   23     8     0     0     0     0     0     0     0     0     0     0
      0     0     0]
 [    1     0  1988     0     0     0     0     0     0     0     0     0
      0     0     0]
 [    6     0     0   154     0     0     0     0     0     0     0     0
      0     0     0]
 [   20     0     0     0  2666     0     0     0     0     0     0     0
      0     0     0]
 [    2     0     0     0     0    79     0     0     0     0     0     0
      0     0     0]
 [    2     0     0     0     0     2    79     0     0     0     0     0
      0     0     1]
 [    0     0     0     0     0     0     0    92     0     0     0     0
      0     0     0]
 [    0     0     0     0     0     0     0     0     4     0     0     0
      0     0     0]
 [    1     0     0     0     0     0     0     0     0    13     0     0
      0     0     0]
 [   29     0     0     0     1     0     0     0     0     0  1381     0
      0     0     0]
 [    4     0     0     0     2     0     0     0     0     0     0    44
      0     0     0]
 [    3     0     0     0     0     0     0     0     0     0     0     0
     11     0     9]
 [    3     0     0     0     1     0     0     0     0     0     0     1
      0     3     0]
 [    0     0     0     0     0     0     0     0     0     0     0     0
     11     0     9]]