random_forest  split 80/20

                            precision    recall  f1-score   support

                    BENIGN     0.9987    0.9994    0.9991     66764
                       Bot     0.9149    0.7049    0.7963        61
                      DDoS     1.0000    0.9987    0.9994      3979
             DoS GoldenEye     0.9969    1.0000    0.9984       320
                  DoS Hulk     0.9989    0.9961    0.9975      5372
          DoS Slowhttptest     0.9938    0.9877    0.9907       162
             DoS slowloris     1.0000    0.9820    0.9909       167
               FTP-Patator     1.0000    1.0000    1.0000       184
                Heartbleed     1.0000    1.0000    1.0000         2
              Infiltration     1.0000    0.8571    0.9231         7
                  PortScan     0.9908    0.9890    0.9899      2823
               SSH-Patator     1.0000    0.9900    0.9950       100
  Web Attack - Brute Force     0.7045    0.6739    0.6889        46
Web Attack - Sql Injection     1.0000    0.2500    0.4000         4
          Web Attack - XSS     0.3684    0.3500    0.3590        20

                  accuracy                         0.9981     80011
                 macro avg     0.9311    0.8519    0.8752     80011
              weighted avg     0.9981    0.9981    0.9981     80011


Confusion matrix (rows = true, cols = predicted)
[[66726     4     0     1     6     1     0     0     0     0    26     0
      0     0     0]
 [   18    43     0     0     0     0     0     0     0     0     0     0
      0     0     0]
 [    5     0  3974     0     0     0     0     0     0     0     0     0
      0     0     0]
 [    0     0     0   320     0     0     0     0     0     0     0     0
      0     0     0]
 [   21     0     0     0  5351     0     0     0     0     0     0     0
      0     0     0]
 [    2     0     0     0     0   160     0     0     0     0     0     0
      0     0     0]
 [    3     0     0     0     0     0   164     0     0     0     0     0
      0     0     0]
 [    0     0     0     0     0     0     0   184     0     0     0     0
      0     0     0]
 [    0     0     0     0     0     0     0     0     2     0     0     0
      0     0     0]
 [    1     0     0     0     0     0     0     0     0     6     0     0
      0     0     0]
 [   31     0     0     0     0     0     0     0     0     0  2792     0
      0     0     0]
 [    1     0     0     0     0     0     0     0     0     0     0    99
      0     0     0]
 [    3     0     0     0     0     0     0     0     0     0     0     0
     31     0    12]
 [    2     0     0     0     0     0     0     0     0     0     0     0
      1     1     0]
 [    1     0     0     0     0     0     0     0     0     0     0     0
     12     0     7]]