random_forest  split 40/60

                            precision    recall  f1-score   support

                    BENIGN     0.9985    0.9992    0.9988    200293
                       Bot     0.8500    0.6538    0.7391       182
                      DDoS     0.9997    0.9985    0.9991     11936
             DoS GoldenEye     0.9895    0.9864    0.9880       959
                  DoS Hulk     0.9976    0.9948    0.9962     16116
          DoS Slowhttptest     0.9937    0.9774    0.9855       487
             DoS slowloris     0.9920    0.9900    0.9910       501
               FTP-Patator     1.0000    0.9892    0.9945       553
                Heartbleed     1.0000    0.8571    0.9231         7
              Infiltration     0.8421    0.7273    0.7805        22
                  PortScan     0.9891    0.9897    0.9894      8468
               SSH-Patator     1.0000    0.9767    0.9882       300
  Web Attack - Brute Force     0.7252    0.6934    0.7090       137
Web Attack - Sql Injection     0.0000    0.0000    0.0000        12
          Web Attack - XSS     0.4643    0.4333    0.4483        60

                  accuracy                         0.9977    240033
                 macro avg     0.8561    0.8178    0.8354    240033
              weighted avg     0.9976    0.9977    0.9976    240033


Confusion matrix (rows = true, cols = predicted)
[[200131     21      3      6     31      3      2      0      0      3
      92      0      0      1      0]
 [    63    119      0      0      0      0      0      0      0      0
       0      0      0      0      0]
 [    16      0  11918      0      2      0      0      0      0      0
       0      0      0      0      0]
 [    11      0      0    946      2      0      0      0      0      0
       0      0      0      0      0]
 [    81      0      0      3  16032      0      0      0      0      0
       0      0      0      0      0]
 [     9      0      0      0      0    476      1      0      0      0
       0      0      1      0      0]
 [     5      0      0      0      0      0    496      0      0      0
       0      0      0      0      0]
 [     6      0      0      0      0      0      0    547      0      0
       0      0      0      0      0]
 [     1      0      0      0      0      0      0      0      6      0
       0      0      0      0      0]
 [     6      0      0      0      0      0      0      0      0     16
       0      0      0      0      0]
 [    84      0      0      0      2      0      0      0      0      0
    8381      0      1      0      0]
 [     6      0      0      0      1      0      0      0      0      0
       0    293      0      0      0]
 [    12      0      0      0      0      0      0      0      0      0
       0      0     95      0     30]
 [     8      0      0      1      0      0      1      0      0      0
       0      0      2      0      0]
 [     2      0      0      0      0      0      0      0      0      0
       0      0     32      0     26]]