random_forest  split 80/20

                            precision    recall  f1-score   support

                    BENIGN     0.9990    0.9994    0.9992    429639
                       Bot     0.9065    0.7442    0.8174       391
                      DDoS     0.9998    0.9996    0.9997     25603
             DoS GoldenEye     0.9961    0.9946    0.9954      2056
                  DoS Hulk     0.9980    0.9966    0.9973     34570
          DoS Slowhttptest     0.9914    0.9914    0.9914      1046
             DoS slowloris     0.9944    0.9916    0.9930      1075
               FTP-Patator     0.9992    0.9983    0.9987      1187
                Heartbleed     1.0000    1.0000    1.0000         2
              Infiltration     1.0000    0.7143    0.8333         7
                  PortScan     0.9902    0.9897    0.9900     18164
               SSH-Patator     1.0000    0.9953    0.9977       644
  Web Attack - Brute Force     0.7595    0.8163    0.7869       294
Web Attack - Sql Injection     0.6667    0.5000    0.5714         4
          Web Attack - XSS     0.4804    0.3769    0.4224       130

                  accuracy                         0.9983    514812
                 macro avg     0.9187    0.8739    0.8929    514812
              weighted avg     0.9983    0.9983    0.9983    514812


Confusion matrix (rows = true, cols = predicted)
[[429365     30      5      1     59      3      0      1      0      0
     175      0      0      0      0]
 [   100    291      0      0      0      0      0      0      0      0
       0      0      0      0      0]
 [     9      0  25594      0      0      0      0      0      0      0
       0      0      0      0      0]
 [     4      0      0   2045      5      2      0      0      0      0
       0      0      0      0      0]
 [   108      0      0      5  34454      0      0      0      0      0
       3      0      0      0      0]
 [     1      0      0      2      0   1037      6      0      0      0
       0      0      0      0      0]
 [     3      0      0      0      0      4   1066      0      0      0
       0      0      1      1      0]
 [     2      0      0      0      0      0      0   1185      0      0
       0      0      0      0      0]
 [     0      0      0      0      0      0      0      0      2      0
       0      0      0      0      0]
 [     2      0      0      0      0      0      0      0      0      5
       0      0      0      0      0]
 [   179      0      0      0      6      0      0      0      0      0
   17977      0      1      0      1]
 [     3      0      0      0      0      0      0      0      0      0
       0    641      0      0      0]
 [     2      0      0      0      0      0      0      0      0      0
       0      0    240      0     52]
 [     2      0      0      0      0      0      0      0      0      0
       0      0      0      2      0]
 [     7      0      0      0      0      0      0      0      0      0
       0      0     74      0     49]]