random_forest  split 60/40

                            precision    recall  f1-score   support

                    BENIGN     0.9986    0.9994    0.9990    133529
                       Bot     0.8673    0.7025    0.7763       121
                      DDoS     1.0000    0.9991    0.9996      7957
             DoS GoldenEye     0.9922    0.9937    0.9930       639
                  DoS Hulk     0.9990    0.9951    0.9970     10744
          DoS Slowhttptest     0.9938    0.9846    0.9892       325
             DoS slowloris     0.9970    0.9880    0.9925       334
               FTP-Patator     1.0000    0.9919    0.9959       369
                Heartbleed     1.0000    1.0000    1.0000         5
              Infiltration     0.9000    0.6429    0.7500        14
                  PortScan     0.9906    0.9871    0.9888      5645
               SSH-Patator     1.0000    0.9850    0.9924       200
  Web Attack - Brute Force     0.7000    0.7692    0.7330        91
Web Attack - Sql Injection     0.7500    0.3333    0.4615         9
          Web Attack - XSS     0.4483    0.3250    0.3768        40

                  accuracy                         0.9980    160022
                 macro avg     0.9091    0.8465    0.8697    160022
              weighted avg     0.9979    0.9980    0.9979    160022


Confusion matrix (rows = true, cols = predicted)
[[133450     13      0      1      9      2      0      0      0      1
      53      0      0      0      0]
 [    36     85      0      0      0      0      0      0      0      0
       0      0      0      0      0]
 [     7      0   7950      0      0      0      0      0      0      0
       0      0      0      0      0]
 [     4      0      0    635      0      0      0      0      0      0
       0      0      0      0      0]
 [    50      0      0      3  10691      0      0      0      0      0
       0      0      0      0      0]
 [     4      0      0      0      0    320      0      0      0      0
       0      0      1      0      0]
 [     4      0      0      0      0      0    330      0      0      0
       0      0      0      0      0]
 [     3      0      0      0      0      0      0    366      0      0
       0      0      0      0      0]
 [     0      0      0      0      0      0      0      0      5      0
       0      0      0      0      0]
 [     5      0      0      0      0      0      0      0      0      9
       0      0      0      0      0]
 [    70      0      0      0      1      0      0      0      0      0
    5572      0      2      0      0]
 [     2      0      0      0      1      0      0      0      0      0
       0    197      0      0      0]
 [     4      0      0      0      0      0      0      0      0      0
       0      0     70      1     16]
 [     3      0      0      1      0      0      1      0      0      0
       0      0      1      3      0]
 [     1      0      0      0      0      0      0      0      0      0
       0      0     26      0     13]]