sgd  split 40/60

                            precision    recall  f1-score   support

                    BENIGN     0.9767    0.9784    0.9776    200293
                       Bot     0.0000    0.0000    0.0000       182
                      DDoS     0.9910    0.9002    0.9434     11936
             DoS GoldenEye     0.8336    0.5120    0.6344       959
                  DoS Hulk     0.9804    0.9353    0.9573     16116
          DoS Slowhttptest     0.4713    0.1684    0.2481       487
             DoS slowloris     0.9375    0.3593    0.5195       501
               FTP-Patator     0.0323    0.0036    0.0065       553
                Heartbleed     0.0000    0.0000    0.0000         7
              Infiltration     0.8333    0.2273    0.3571        22
                  PortScan     0.6871    0.9852    0.8096      8468
               SSH-Patator     0.0000    0.0000    0.0000       300
  Web Attack - Brute Force     0.0000    0.0000    0.0000       137
Web Attack - Sql Injection     0.0000    0.0000    0.0000        12
          Web Attack - XSS     0.0000    0.0000    0.0000        60

                  accuracy                         0.9619    240033
                 macro avg     0.4495    0.3380    0.3636    240033
              weighted avg     0.9607    0.9619    0.9596    240033


Confusion matrix (rows = true, cols = predicted)
[[195973      1     61     56    289     92      3     59      0      1
    3757      1      0      0      0]
 [   140      0      0      0      0      0      0      0      0      0
      42      0      0      0      0]
 [  1186      0  10745      3      2      0      0      0      0      0
       0      0      0      0      0]
 [   464      0      0    491      4      0      0      0      0      0
       0      0      0      0      0]
 [   968      0     37     38  15073      0      0      0      0      0
       0      0      0      0      0]
 [   400      0      0      0      0     82      5      0      0      0
       0      0      0      0      0]
 [   316      0      0      0      4      0    180      0      0      0
       1      0      0      0      0]
 [   551      0      0      0      0      0      0      2      0      0
       0      0      0      0      0]
 [     7      0      0      0      0      0      0      0      0      0
       0      0      0      0      0]
 [    17      0      0      0      0      0      0      0      0      5
       0      0      0      0      0]
 [   116      0      0      1      3      0      4      1      0      0
    8343      0      0      0      0]
 [   300      0      0      0      0      0      0      0      0      0
       0      0      0      0      0]
 [   137      0      0      0      0      0      0      0      0      0
       0      0      0      0      0]
 [    12      0      0      0      0      0      0      0      0      0
       0      0      0      0      0]
 [    60      0      0      0      0      0      0      0      0      0
       0      0      0      0      0]]