sgd  split 60/40

                            precision    recall  f1-score   support

                    BENIGN     0.9752    0.9796    0.9774     33383
                       Bot     0.0000    0.0000    0.0000        31
                      DDoS     0.9891    0.9090    0.9473      1989
             DoS GoldenEye     0.7273    0.5500    0.6263       160
                  DoS Hulk     0.9860    0.8909    0.9360      2686
          DoS Slowhttptest     0.6667    0.6173    0.6410        81
             DoS slowloris     0.9762    0.4881    0.6508        84
               FTP-Patator     0.0000    0.0000    0.0000        92
                Heartbleed     0.0000    0.0000    0.0000         4
              Infiltration     1.0000    0.1429    0.2500        14
                  PortScan     0.6940    0.9837    0.8138      1411
               SSH-Patator     0.0000    0.0000    0.0000        50
  Web Attack - Brute Force     0.0000    0.0000    0.0000        23
Web Attack - Sql Injection     0.0000    0.0000    0.0000         8
          Web Attack - XSS     0.0000    0.0000    0.0000        20

                  accuracy                         0.9610     40036
                 macro avg     0.4676    0.3708    0.3895     40036
              weighted avg     0.9596    0.9610    0.9588     40036


Confusion matrix (rows = true, cols = predicted)
[[32703     0     8    15    23    23     1     8     0     0   602     0
      0     0     0]
 [   21     0     0     0     0     0     0     0     0     0    10     0
      0     0     0]
 [  178     0  1808     2     1     0     0     0     0     0     0     0
      0     0     0]
 [   67     0     0    88     5     0     0     0     0     0     0     0
      0     0     0]
 [  265     0    12    16  2393     0     0     0     0     0     0     0
      0     0     0]
 [   28     0     0     0     3    50     0     0     0     0     0     0
      0     0     0]
 [   42     0     0     0     0     1    41     0     0     0     0     0
      0     0     0]
 [   92     0     0     0     0     0     0     0     0     0     0     0
      0     0     0]
 [    4     0     0     0     0     0     0     0     0     0     0     0
      0     0     0]
 [   11     0     0     0     0     1     0     0     0     2     0     0
      0     0     0]
 [   21     0     0     0     2     0     0     0     0     0  1388     0
      0     0     0]
 [   50     0     0     0     0     0     0     0     0     0     0     0
      0     0     0]
 [   23     0     0     0     0     0     0     0     0     0     0     0
      0     0     0]
 [    8     0     0     0     0     0     0     0     0     0     0     0
      0     0     0]
 [   20     0     0     0     0     0     0     0     0     0     0     0
      0     0     0]]