sgd  split 60/40

                            precision    recall  f1-score   support

                    BENIGN     0.9744    0.9806    0.9775    133529
                       Bot     0.0000    0.0000    0.0000       121
                      DDoS     0.9900    0.9181    0.9527      7957
             DoS GoldenEye     0.8240    0.5274    0.6431       639
                  DoS Hulk     0.9906    0.8892    0.9372     10744
          DoS Slowhttptest     0.5612    0.1692    0.2600       325
             DoS slowloris     0.9520    0.3563    0.5185       334
               FTP-Patator     0.0323    0.0027    0.0050       369
                Heartbleed     0.0000    0.0000    0.0000         5
              Infiltration     1.0000    0.1429    0.2500        14
                  PortScan     0.6990    0.9849    0.8177      5645
               SSH-Patator     0.0000    0.0000    0.0000       200
  Web Attack - Brute Force     0.0000    0.0000    0.0000        91
Web Attack - Sql Injection     0.0000    0.0000    0.0000         9
          Web Attack - XSS     0.0000    0.0000    0.0000        40

                  accuracy                         0.9616    160022
                 macro avg     0.4682    0.3314    0.3575    160022
              weighted avg     0.9601    0.9616    0.9590    160022


Confusion matrix (rows = true, cols = predicted)
[[130941      3     32     53     69     35      3     27      0      0
    2365      1      0      0      0]
 [    92      0      0      0      0      0      0      0      0      0
      29      0      0      0      0]
 [   648      0   7305      1      3      0      0      0      0      0
       0      0      0      0      0]
 [   299      0      0    337      3      0      0      0      0      0
       0      0      0      0      0]
 [  1128      0     42     17   9554      3      0      0      0      0
       0      0      0      0      0]
 [   257      0      0      0     13     55      0      0      0      0
       0      0      0      0      0]
 [   205      0      0      0      2      5    119      3      0      0
       0      0      0      0      0]
 [   368      0      0      0      0      0      0      1      0      0
       0      0      0      0      0]
 [     5      0      0      0      0      0      0      0      0      0
       0      0      0      0      0]
 [    12      0      0      0      0      0      0      0      0      2
       0      0      0      0      0]
 [    80      0      0      1      1      0      3      0      0      0
    5560      0      0      0      0]
 [   200      0      0      0      0      0      0      0      0      0
       0      0      0      0      0]
 [    91      0      0      0      0      0      0      0      0      0
       0      0      0      0      0]
 [     9      0      0      0      0      0      0      0      0      0
       0      0      0      0      0]
 [    40      0      0      0      0      0      0      0      0      0
       0      0      0      0      0]]