sgd  split 80/20

                            precision    recall  f1-score   support

                    BENIGN     0.9752    0.9792    0.9772     66764
                       Bot     0.0000    0.0000    0.0000        61
                      DDoS     0.9920    0.9065    0.9473      3979
             DoS GoldenEye     0.8281    0.4969    0.6211       320
                  DoS Hulk     0.9894    0.8902    0.9372      5372
          DoS Slowhttptest     0.7568    0.6914    0.7226       162
             DoS slowloris     0.9565    0.5269    0.6795       167
               FTP-Patator     0.0000    0.0000    0.0000       184
                Heartbleed     0.0000    0.0000    0.0000         2
              Infiltration     1.0000    0.2857    0.4444         7
                  PortScan     0.6857    0.9851    0.8085      2823
               SSH-Patator     0.0000    0.0000    0.0000       100
  Web Attack - Brute Force     0.0000    0.0000    0.0000        46
Web Attack - Sql Injection     0.0000    0.0000    0.0000         4
          Web Attack - XSS     0.0000    0.0000    0.0000        20

                  accuracy                         0.9612     80011
                 macro avg     0.4789    0.3841    0.4092     80011
              weighted avg     0.9606    0.9612    0.9594     80011


Confusion matrix (rows = true, cols = predicted)
[[65376     0    16    24    46    30     1    10     0     0  1260     1
      0     0     0]
 [   46     0     0     0     0     0     0     0     0     0    15     0
      0     0     0]
 [  371     0  3607     0     1     0     0     0     0     0     0     0
      0     0     0]
 [  158     0     0   159     3     0     0     0     0     0     0     0
      0     0     0]
 [  566     0    13     9  4782     2     0     0     0     0     0     0
      0     0     0]
 [   48     0     0     0     0   112     2     0     0     0     0     0
      0     0     0]
 [   74     0     0     0     0     4    88     1     0     0     0     0
      0     0     0]
 [  184     0     0     0     0     0     0     0     0     0     0     0
      0     0     0]
 [    2     0     0     0     0     0     0     0     0     0     0     0
      0     0     0]
 [    5     0     0     0     0     0     0     0     0     2     0     0
      0     0     0]
 [   40     0     0     0     1     0     1     0     0     0  2781     0
      0     0     0]
 [  100     0     0     0     0     0     0     0     0     0     0     0
      0     0     0]
 [   46     0     0     0     0     0     0     0     0     0     0     0
      0     0     0]
 [    4     0     0     0     0     0     0     0     0     0     0     0
      0     0     0]
 [   20     0     0     0     0     0     0     0     0     0     0     0
      0     0     0]]