sgd  split 80/20

                            precision    recall  f1-score   support

                    BENIGN     0.9749    0.9784    0.9766    429639
                       Bot     0.0000    0.0000    0.0000       391
                      DDoS     0.9883    0.8804    0.9313     25603
             DoS GoldenEye     0.8463    0.6133    0.7112      2056
                  DoS Hulk     0.9897    0.8939    0.9394     34570
          DoS Slowhttptest     0.7466    0.6902    0.7173      1046
             DoS slowloris     0.9191    0.3488    0.5057      1075
               FTP-Patator     0.8590    0.2207    0.3512      1187
                Heartbleed     0.0000    0.0000    0.0000         2
              Infiltration     0.0000    0.0000    0.0000         7
                  PortScan     0.6817    0.9838    0.8054     18164
               SSH-Patator     0.0000    0.0000    0.0000       644
  Web Attack - Brute Force     0.0000    0.0000    0.0000       294
Web Attack - Sql Injection     0.0000    0.0000    0.0000         4
          Web Attack - XSS     0.0000    0.0000    0.0000       130

                  accuracy                         0.9601    514812
                 macro avg     0.4670    0.3740    0.3959    514812
              weighted avg     0.9620    0.9601    0.9590    514812


Confusion matrix (rows = true, cols = predicted)
[[420356      0    167    182    236    225     11     33      0      0
    8225    204      0      0      0]
 [   282      0      0      0      0      0      0      0      0      0
     109      0      0      0      0]
 [  3009      0  22542      6     44      0      0      0      0      0
       2      0      0      0      0]
 [   792      0      0   1261      2      1      0      0      0      0
       0      0      0      0      0]
 [  3531      0    100     36  30902      0      1      0      0      0
       0      0      0      0      0]
 [   297      0      0      0     12    722     14      0      0      0
       1      0      0      0      0]
 [   653      0      0      0     17     19    375      9      0      0
       2      0      0      0      0]
 [   925      0      0      0      0      0      0    262      0      0
       0      0      0      0      0]
 [     1      0      0      1      0      0      0      0      0      0
       0      0      0      0      0]
 [     7      0      0      0      0      0      0      0      0      0
       0      0      0      0      0]
 [   274      0      0      4     10      0      7      0      0      0
   17869      0      0      0      0]
 [   640      0      0      0      0      0      0      1      0      0
       3      0      0      0      0]
 [   294      0      0      0      0      0      0      0      0      0
       0      0      0      0      0]
 [     4      0      0      0      0      0      0      0      0      0
       0      0      0      0      0]
 [   130      0      0      0      0      0      0      0      0      0
       0      0      0      0      0]]