svm  split 60/40

                            precision    recall  f1-score   support

                    BENIGN     0.9775    0.9802    0.9788     33383
                       Bot     0.0000    0.0000    0.0000        31
                      DDoS     0.9852    0.9035    0.9426      1989
             DoS GoldenEye     0.9552    0.8000    0.8707       160
                  DoS Hulk     0.9881    0.9002    0.9421      2686
          DoS Slowhttptest     0.8605    0.9136    0.8862        81
             DoS slowloris     1.0000    0.4881    0.6560        84
               FTP-Patator     0.0000    0.0000    0.0000        92
                Heartbleed     1.0000    1.0000    1.0000         4
              Infiltration     0.0000    0.0000    0.0000        14
                  PortScan     0.6854    0.9837    0.8079      1411
               SSH-Patator     0.0000    0.0000    0.0000        50
  Web Attack - Brute Force     0.0000    0.0000    0.0000        23
Web Attack - Sql Injection     0.0000    0.0000    0.0000         8
          Web Attack - XSS     0.0000    0.0000    0.0000        20

                  accuracy                         0.9634     40036
                 macro avg     0.4968    0.4646    0.4723     40036
              weighted avg     0.9622    0.9634    0.9614     40036


Confusion matrix (rows = true, cols = predicted)
[[32721     0    24     3     1     7     0     0     0     0   627     0
      0     0     0]
 [   21     0     0     0     0     0     0     0     0     0    10     0
      0     0     0]
 [  165     0  1797     1    26     0     0     0     0     0     0     0
      0     0     0]
 [   32     0     0   128     0     0     0     0     0     0     0     0
      0     0     0]
 [  263     0     3     2  2418     0     0     0     0     0     0     0
      0     0     0]
 [    7     0     0     0     0    74     0     0     0     0     0     0
      0     0     0]
 [   38     0     0     0     0     5    41     0     0     0     0     0
      0     0     0]
 [   92     0     0     0     0     0     0     0     0     0     0     0
      0     0     0]
 [    0     0     0     0     0     0     0     0     4     0     0     0
      0     0     0]
 [   14     0     0     0     0     0     0     0     0     0     0     0
      0     0     0]
 [   21     0     0     0     2     0     0     0     0     0  1388     0
      0     0     0]
 [   50     0     0     0     0     0     0     0     0     0     0     0
      0     0     0]
 [   23     0     0     0     0     0     0     0     0     0     0     0
      0     0     0]
 [    8     0     0     0     0     0     0     0     0     0     0     0
      0     0     0]
 [   20     0     0     0     0     0     0     0     0     0     0     0
      0     0     0]]