xgboost  split 60/40

                            precision    recall  f1-score   support

                    BENIGN     0.9994    0.9992    0.9993    133529
                       Bot     0.8482    0.7851    0.8155       121
                      DDoS     0.9997    0.9997    0.9997      7957
             DoS GoldenEye     0.9740    0.9969    0.9853       639
                  DoS Hulk     0.9988    0.9976    0.9982     10744
          DoS Slowhttptest     0.9817    0.9877    0.9847       325
             DoS slowloris     0.9970    0.9820    0.9894       334
               FTP-Patator     0.9973    0.9919    0.9946       369
                Heartbleed     1.0000    1.0000    1.0000         5
              Infiltration     1.0000    0.4286    0.6000        14
                  PortScan     0.9891    0.9988    0.9939      5645
               SSH-Patator     1.0000    0.9950    0.9975       200
  Web Attack - Brute Force     0.6598    0.7033    0.6809        91
Web Attack - Sql Injection     1.0000    0.5556    0.7143         9
          Web Attack - XSS     0.3750    0.3750    0.3750        40

                  accuracy                         0.9984    160022
                 macro avg     0.9213    0.8531    0.8752    160022
              weighted avg     0.9984    0.9984    0.9984    160022


Confusion matrix (rows = true, cols = predicted)
[[133418     17      2      9     12      5      0      1      0      0
      61      0      4      0      0]
 [    26     95      0      0      0      0      0      0      0      0
       0      0      0      0      0]
 [     2      0   7955      0      0      0      0      0      0      0
       0      0      0      0      0]
 [     2      0      0    637      0      0      0      0      0      0
       0      0      0      0      0]
 [    17      0      0      7  10718      0      1      0      0      0
       0      0      1      0      0]
 [     2      0      0      0      0    321      0      0      0      0
       0      0      2      0      0]
 [     5      0      0      0      0      0    328      0      0      0
       0      0      0      0      1]
 [     3      0      0      0      0      0      0    366      0      0
       0      0      0      0      0]
 [     0      0      0      0      0      0      0      0      5      0
       0      0      0      0      0]
 [     8      0      0      0      0      0      0      0      0      6
       0      0      0      0      0]
 [     4      0      0      0      1      0      0      0      0      0
    5638      0      2      0      0]
 [     1      0      0      0      0      0      0      0      0      0
       0    199      0      0      0]
 [     2      0      0      0      0      1      0      0      0      0
       0      0     64      0     24]
 [     1      0      0      1      0      0      0      0      0      0
       0      0      2      5      0]
 [     2      0      0      0      0      0      0      0      0      0
       1      0     22      0     15]]