xgboost  split 80/20

                            precision    recall  f1-score   support

                    BENIGN     0.9988    0.9986    0.9987     66764
                       Bot     0.7500    0.6885    0.7179        61
                      DDoS     0.9967    0.9980    0.9974      3979
             DoS GoldenEye     0.9591    0.9531    0.9561       320
                  DoS Hulk     0.9923    0.9899    0.9911      5372
          DoS Slowhttptest     0.9578    0.9815    0.9695       162
             DoS slowloris     0.9878    0.9701    0.9789       167
               FTP-Patator     1.0000    0.9891    0.9945       184
                Heartbleed     1.0000    1.0000    1.0000         2
              Infiltration     0.6667    0.2857    0.4000         7
                  PortScan     0.9888    0.9986    0.9937      2823
               SSH-Patator     1.0000    0.9900    0.9950       100
  Web Attack - Brute Force     0.6200    0.6739    0.6458        46
Web Attack - Sql Injection     0.5000    0.2500    0.3333         4
          Web Attack - XSS     0.2381    0.2500    0.2439        20

                  accuracy                         0.9970     80011
                 macro avg     0.8437    0.8011    0.8144     80011
              weighted avg     0.9970    0.9970    0.9970     80011


Confusion matrix (rows = true, cols = predicted)
[[66672    14     6     9    26     1     1     0     0     1    30     0
      4     0     0]
 [   19    42     0     0     0     0     0     0     0     0     0     0
      0     0     0]
 [    6     0  3971     0     2     0     0     0     0     0     0     0
      0     0     0]
 [    1     0     0   305    13     0     1     0     0     0     0     0
      0     0     0]
 [   36     0     6     3  5318     5     0     0     0     0     2     0
      0     0     2]
 [    3     0     0     0     0   159     0     0     0     0     0     0
      0     0     0]
 [    3     0     0     0     0     1   162     0     0     0     0     0
      0     0     1]
 [    2     0     0     0     0     0     0   182     0     0     0     0
      0     0     0]
 [    0     0     0     0     0     0     0     0     2     0     0     0
      0     0     0]
 [    5     0     0     0     0     0     0     0     0     2     0     0
      0     0     0]
 [    2     0     1     1     0     0     0     0     0     0  2819     0
      0     0     0]
 [    1     0     0     0     0     0     0     0     0     0     0    99
      0     0     0]
 [    1     0     0     0     0     0     0     0     0     0     0     0
     31     1    13]
 [    2     0     0     0     0     0     0     0     0     0     0     0
      1     1     0]
 [    1     0     0     0     0     0     0     0     0     0     0     0
     14     0     5]]