xgboost  split 80/20

                            precision    recall  f1-score   support

                    BENIGN     0.9984    0.9979    0.9982    429639
                       Bot     0.8434    0.7161    0.7746       391
                      DDoS     0.9977    0.9982    0.9979     25603
             DoS GoldenEye     0.9530    0.9762    0.9644      2056
                  DoS Hulk     0.9935    0.9911    0.9923     34570
          DoS Slowhttptest     0.9125    0.9168    0.9146      1046
             DoS slowloris     0.9406    0.9423    0.9414      1075
               FTP-Patator     0.9883    0.9966    0.9924      1187
                Heartbleed     0.4000    1.0000    0.5714         2
              Infiltration     0.0769    0.1429    0.1000         7
                  PortScan     0.9807    0.9928    0.9867     18164
               SSH-Patator     0.9340    0.9674    0.9504       644
  Web Attack - Brute Force     0.7248    0.6361    0.6775       294
Web Attack - Sql Injection     0.1538    0.5000    0.2353         4
          Web Attack - XSS     0.2994    0.3846    0.3367       130

                  accuracy                         0.9963    514812
                 macro avg     0.7465    0.8106    0.7623    514812
              weighted avg     0.9964    0.9963    0.9963    514812


Confusion matrix (rows = true, cols = predicted)
[[428749     51     46     88    180     73     36     12      2      8
     336     25      4      6     23]
 [   108    280      0      0      0      0      0      2      0      1
       0      0      0      0      0]
 [    32      1  25557      3      7      1      2      0      0      0
       0      0      0      0      0]
 [    40      0      1   2007      1      6      1      0      0      0
       0      0      0      0      0]
 [   268      0      9      3  34261      0     12      0      1      0
      12      2      1      0      1]
 [    74      0      0      2      0    959     10      0      0      0
       0      0      0      1      0]
 [    27      0      0      1      6     12   1013      0      0      3
       0      6      2      4      1]
 [     2      0      0      0      0      0      0   1183      0      0
       0      2      0      0      0]
 [     0      0      0      0      0      0      0      0      2      0
       0      0      0      0      0]
 [     6      0      0      0      0      0      0      0      0      1
       0      0      0      0      0]
 [    95      0      3      1     19      0      2      0      0      0
   18033      9      1      0      1]
 [    19      0      0      0      0      0      0      0      0      0
       1    623      0      0      1]
 [     5      0      0      0      9      0      1      0      0      0
       2      0    187      0     90]
 [     1      0      0      1      0      0      0      0      0      0
       0      0      0      2      0]
 [    11      0      0      0      3      0      0      0      0      0
       3      0     63      0     50]]