xgboost  split 60/40

                            precision    recall  f1-score   support

                    BENIGN     0.9987    0.9990    0.9988     33383
                       Bot     0.7917    0.6129    0.6909        31
                      DDoS     1.0000    0.9995    0.9997      1989
             DoS GoldenEye     0.9686    0.9625    0.9655       160
                  DoS Hulk     0.9959    0.9959    0.9959      2686
          DoS Slowhttptest     0.9419    1.0000    0.9701        81
             DoS slowloris     0.9872    0.9167    0.9506        84
               FTP-Patator     0.9892    1.0000    0.9946        92
                Heartbleed     1.0000    1.0000    1.0000         4
              Infiltration     1.0000    1.0000    1.0000        14
                  PortScan     0.9865    0.9872    0.9869      1411
               SSH-Patator     0.9800    0.9800    0.9800        50
  Web Attack - Brute Force     0.5000    0.4348    0.4651        23
Web Attack - Sql Injection     0.8750    0.8750    0.8750         8
          Web Attack - XSS     0.5455    0.6000    0.5714        20

                  accuracy                         0.9972     40036
                 macro avg     0.9040    0.8909    0.8963     40036
              weighted avg     0.9971    0.9972    0.9971     40036


Confusion matrix (rows = true, cols = predicted)
[[33348     5     0     4     4     1     1     1     0     0    17     1
      1     0     0]
 [   12    19     0     0     0     0     0     0     0     0     0     0
      0     0     0]
 [    1     0  1988     0     0     0     0     0     0     0     0     0
      0     0     0]
 [    2     0     0   154     4     0     0     0     0     0     0     0
      0     0     0]
 [    8     0     0     1  2675     0     0     0     0     0     2     0
      0     0     0]
 [    0     0     0     0     0    81     0     0     0     0     0     0
      0     0     0]
 [    2     0     0     0     0     4    77     0     0     0     0     0
      1     0     0]
 [    0     0     0     0     0     0     0    92     0     0     0     0
      0     0     0]
 [    0     0     0     0     0     0     0     0     4     0     0     0
      0     0     0]
 [    0     0     0     0     0     0     0     0     0    14     0     0
      0     0     0]
 [   16     0     0     0     2     0     0     0     0     0  1393     0
      0     0     0]
 [    1     0     0     0     0     0     0     0     0     0     0    49
      0     0     0]
 [    2     0     0     0     0     0     0     0     0     0     0     0
     10     1    10]
 [    0     0     0     0     1     0     0     0     0     0     0     0
      0     7     0]
 [    0     0     0     0     0     0     0     0     0     0     0     0
      8     0    12]]