xgboost  split 40/60

                            precision    recall  f1-score   support

                    BENIGN     0.9994    0.9991    0.9992    200293
                       Bot     0.7797    0.7582    0.7688       182
                      DDoS     1.0000    0.9994    0.9997     11936
             DoS GoldenEye     0.9825    0.9927    0.9876       959
                  DoS Hulk     0.9983    0.9976    0.9979     16116
          DoS Slowhttptest     0.9897    0.9877    0.9887       487
             DoS slowloris     0.9920    0.9880    0.9900       501
               FTP-Patator     0.9982    0.9946    0.9964       553
                Heartbleed     1.0000    1.0000    1.0000         7
              Infiltration     1.0000    0.7273    0.8421        22
                  PortScan     0.9882    0.9979    0.9930      8468
               SSH-Patator     0.9901    0.9967    0.9934       300
  Web Attack - Brute Force     0.6918    0.7372    0.7138       137
Web Attack - Sql Injection     0.7500    0.2500    0.3750        12
          Web Attack - XSS     0.4038    0.3500    0.3750        60

                  accuracy                         0.9983    240033
                 macro avg     0.9042    0.8518    0.8680    240033
              weighted avg     0.9983    0.9983    0.9983    240033


Confusion matrix (rows = true, cols = predicted)
[[200112     39      0     13     18      5      3      1      0      0
      99      3      0      0      0]
 [    44    138      0      0      0      0      0      0      0      0
       0      0      0      0      0]
 [     4      0  11929      0      3      0      0      0      0      0
       0      0      0      0      0]
 [     4      0      0    952      3      0      0      0      0      0
       0      0      0      0      0]
 [    34      0      0      3  16077      0      0      0      0      0
       2      0      0      0      0]
 [     4      0      0      0      0    481      1      0      0      0
       0      0      1      0      0]
 [     3      0      0      0      1      0    495      0      0      0
       0      0      1      0      1]
 [     3      0      0      0      0      0      0    550      0      0
       0      0      0      0      0]
 [     0      0      0      0      0      0      0      0      7      0
       0      0      0      0      0]
 [     6      0      0      0      0      0      0      0      0     16
       0      0      0      0      0]
 [    14      0      0      0      2      0      0      0      0      0
    8450      0      2      0      0]
 [     0      0      0      0      1      0      0      0      0      0
       0    299      0      0      0]
 [     5      0      0      0      0      0      0      0      0      0
       0      0    101      1     30]
 [     5      0      0      1      0      0      0      0      0      0
       0      0      3      3      0]
 [     1      0      0      0      0      0      0      0      0      0
       0      0     38      0     21]]